[gd_scene load_steps=49 format=3 uid="uid://vvkd1vnbarkk"]

[ext_resource type="PackedScene" uid="uid://bj68njysaj2w5" path="res://character/base/character_base.tscn" id="1_g20gq"]
[ext_resource type="FontFile" uid="uid://cu8bvod6tnnwr" path="res://addons/guide/ui/renderers/keyboard/Lato-Black.ttf" id="1_uiaus"]
[ext_resource type="Script" uid="uid://yc5h3mnfmgmn" path="res://character/zombie/zombie.gd" id="2_t0jn8"]
[ext_resource type="Resource" uid="uid://bir81u7q2ypbn" path="res://data/zombie/basic_zombie_life.tres" id="3_0bopv"]
[ext_resource type="ArrayMesh" uid="uid://b4lot0o7tuu4k" path="res://model/zombie/romero.res" id="3_eseir"]
[ext_resource type="AnimationLibrary" uid="uid://g7yly4yxa66j" path="res://animation/zombie/zombie_anim_lib.res" id="4_7nqyo"]
[ext_resource type="Resource" uid="uid://cb57wji4codsc" path="res://data/zombie/zombie_basic_mind.tres" id="4_82ydo"]
[ext_resource type="Script" uid="uid://dc77cbpvaw8jo" path="res://script/hitbox/hitbox.gd" id="5_7nqyo"]
[ext_resource type="Animation" uid="uid://cx7axtvj7b0of" path="res://animation/zombie/reset.res" id="6_6edqa"]
[ext_resource type="Script" uid="uid://cx8x5g2jhcrm6" path="res://script/hitbox/hurtbox.gd" id="6_u2i7b"]
[ext_resource type="AnimationNodeStateMachine" uid="uid://doyn6aqoxbrjx" path="res://animation/zombie/zombie_state_machine.tres" id="7_i7ii4"]

[sub_resource type="CapsuleShape3D" id="CapsuleShape3D_d0fm7"]
radius = 0.34
height = 1.67

[sub_resource type="CapsuleMesh" id="CapsuleMesh_uiaus"]
lightmap_size_hint = Vector2i(12, 11)
radius = 0.35
height = 1.5

[sub_resource type="StandardMaterial3D" id="StandardMaterial3D_roy8y"]
albedo_color = Color(0.713726, 0.278431, 0.027451, 1)

[sub_resource type="TextMesh" id="TextMesh_roy8y"]
text = "O ~ O"
font = ExtResource("1_uiaus")
font_size = 15
depth = 0.1

[sub_resource type="CapsuleShape3D" id="CapsuleShape3D_8v15u"]
radius = 0.0838082
height = 0.322067

[sub_resource type="CapsuleShape3D" id="CapsuleShape3D_ku0mw"]
radius = 0.0529853
height = 0.284892

[sub_resource type="CapsuleShape3D" id="CapsuleShape3D_jg8lc"]
radius = 0.0325604
height = 0.261656

[sub_resource type="CapsuleShape3D" id="CapsuleShape3D_7yx2g"]
radius = 0.0439937
height = 0.325205

[sub_resource type="CapsuleShape3D" id="CapsuleShape3D_qnupv"]
radius = 0.0444456
height = 0.261656

[sub_resource type="CapsuleShape3D" id="CapsuleShape3D_ej6yw"]
radius = 0.0439937
height = 0.27782

[sub_resource type="CapsuleShape3D" id="CapsuleShape3D_vxh6h"]
radius = 0.0253122
height = 0.166777

[sub_resource type="CapsuleShape3D" id="CapsuleShape3D_8mlvc"]
radius = 0.0152425
height = 0.112132

[sub_resource type="CapsuleShape3D" id="CapsuleShape3D_xljap"]
radius = 0.0152425
height = 0.101975

[sub_resource type="CapsuleShape3D" id="CapsuleShape3D_h1j2a"]
radius = 0.0344045
height = 0.208697

[sub_resource type="SphereShape3D" id="SphereShape3D_8mlvc"]
radius = 0.0768323

[sub_resource type="CapsuleShape3D" id="CapsuleShape3D_fn7r2"]
radius = 0.0377818
height = 0.312499

[sub_resource type="CapsuleShape3D" id="CapsuleShape3D_nyvhy"]
radius = 0.0323648
height = 0.180686

[sub_resource type="CapsuleShape3D" id="CapsuleShape3D_l25s0"]
radius = 0.027201
height = 0.18288

[sub_resource type="CapsuleShape3D" id="CapsuleShape3D_mqpms"]
radius = 0.0377818
height = 0.312499

[sub_resource type="CapsuleShape3D" id="CapsuleShape3D_5yjw4"]
radius = 0.0371822
height = 0.181

[sub_resource type="CapsuleShape3D" id="CapsuleShape3D_gebbx"]
radius = 0.027201
height = 0.18288

[sub_resource type="CapsuleShape3D" id="CapsuleShape3D_0u0fa"]
radius = 0.0838082
height = 0.458253

[sub_resource type="CapsuleShape3D" id="CapsuleShape3D_pqsfs"]
radius = 0.0624478
height = 0.268532

[sub_resource type="CapsuleShape3D" id="CapsuleShape3D_j1wst"]
radius = 0.035
height = 0.288

[sub_resource type="CapsuleShape3D" id="CapsuleShape3D_hbroy"]
radius = 0.0838082
height = 0.458253

[sub_resource type="CapsuleShape3D" id="CapsuleShape3D_veaa0"]
radius = 0.0627804
height = 0.269

[sub_resource type="CapsuleShape3D" id="CapsuleShape3D_gmrko"]
radius = 0.0354533
height = 0.288102

[sub_resource type="AnimationLibrary" id="AnimationLibrary_82ydo"]
_data = {
&"RESET": ExtResource("6_6edqa")
}

[sub_resource type="CylinderShape3D" id="CylinderShape3D_eseir"]
resource_local_to_scene = true
height = 1.5
radius = 0.362793

[sub_resource type="CapsuleShape3D" id="CapsuleShape3D_t0jn8"]
resource_local_to_scene = true
radius = 0.099
height = 0.301

[sub_resource type="CapsuleShape3D" id="CapsuleShape3D_0bopv"]
resource_local_to_scene = true
radius = 0.192
height = 0.596

[sub_resource type="CapsuleShape3D" id="CapsuleShape3D_i7ii4"]
resource_local_to_scene = true
radius = 0.062
height = 0.385

[sub_resource type="CapsuleShape3D" id="CapsuleShape3D_6edqa"]
resource_local_to_scene = true
radius = 0.062
height = 0.385

[sub_resource type="SphereShape3D" id="SphereShape3D_82ydo"]
resource_local_to_scene = true
radius = 0.092

[sub_resource type="CapsuleShape3D" id="CapsuleShape3D_u2i7b"]
resource_local_to_scene = true
radius = 0.119
height = 0.57

[sub_resource type="CapsuleShape3D" id="CapsuleShape3D_82ydo"]
resource_local_to_scene = true
radius = 0.111
height = 0.622

[sub_resource type="SphereShape3D" id="SphereShape3D_d0fm7"]
resource_local_to_scene = true
radius = 0.147

[node name="zombie" node_paths=PackedStringArray("eyes") instance=ExtResource("1_g20gq")]
process_mode = 1
disable_mode = 2
script = ExtResource("2_t0jn8")
life = ExtResource("3_0bopv")
mind = ExtResource("4_82ydo")
collider_shape = SubResource("CapsuleShape3D_d0fm7")
top_speed = 4.7
move_acceleration = 18.0
move_turn_speed_keep = 0.6
eyes = [NodePath("BodyHurtbox/Head/eye_right")]

[node name="collider" parent="." index="0"]
transform = Transform3D(1, 0, 0, 0, 1, 0, 0, 0, 1, 0, 0.835, 0)
visible = false
shape = SubResource("CapsuleShape3D_d0fm7")

[node name="capsule" type="MeshInstance3D" parent="collider" index="0"]
visible = false
gi_mode = 2
mesh = SubResource("CapsuleMesh_uiaus")
surface_material_override/0 = SubResource("StandardMaterial3D_roy8y")

[node name="face" type="MeshInstance3D" parent="collider" index="1"]
transform = Transform3D(1, 0, 0, 0, 1, 0, 0, 0, 1, 0, 0.4, 0.325)
visible = false
cast_shadow = 0
gi_mode = 0
mesh = SubResource("TextMesh_roy8y")

[node name="RayCast3D" type="RayCast3D" parent="collider" index="2"]
target_position = Vector3(0, 0, 1)
collision_mask = 0

[node name="Skeleton3D" type="Skeleton3D" parent="." index="1"]
transform = Transform3D(1, 0, 0, 0, 1, 0, 0, 0, 1, 0, 0.009, 0)
bones/0/name = "mixamorig5_Hips"
bones/0/parent = -1
bones/0/rest = Transform3D(1, 0, 0, 0, 1, 0, 0, 0, 1, -2.99e-05, 1.05156, 0.023987)
bones/0/enabled = true
bones/0/position = Vector3(0, 1.05497562885284, 0)
bones/0/rotation = Quaternion(0, 0, 0, 1)
bones/0/scale = Vector3(1, 1, 1)
bones/1/name = "mixamorig5_Spine"
bones/1/parent = 0
bones/1/rest = Transform3D(1, 0, 0, 0, 0.988348, 0.152214, 0, -0.152214, 0.988348, 0, 0.0883605, -0.0136083)
bones/1/enabled = true
bones/1/position = Vector3(0, 0.08836100250483, -0.01360800024122)
bones/1/rotation = Quaternion(-0.07632922070047, 0, 0, 0.99708266962537)
bones/1/scale = Vector3(1, 1, 1)
bones/2/name = "mixamorig5_Spine1"
bones/2/parent = 1
bones/2/rest = Transform3D(1, 0, 0, 0, 1, 0, 0, 0, 1, 0, 0.104303, 0)
bones/2/enabled = true
bones/2/position = Vector3(0, 0.10430300235748, 0)
bones/2/rotation = Quaternion(0, 0, 0, 1)
bones/2/scale = Vector3(1, 1, 1)
bones/3/name = "mixamorig5_Spine2"
bones/3/parent = 2
bones/3/rest = Transform3D(1, 0, 0, 0, 1, 0, 0, 0, 1, 0, 0.119203, 0)
bones/3/enabled = true
bones/3/position = Vector3(0, 0.11920300126076, 0)
bones/3/rotation = Quaternion(0, 0, 0, 1)
bones/3/scale = Vector3(1, 1, 1)
bones/4/name = "mixamorig5_Neck"
bones/4/parent = 3
bones/4/rest = Transform3D(1, 0, 0, 0, 0.988348, -0.152214, 0, 0.152214, 0.988348, 0, 0.134103, 0)
bones/4/enabled = true
bones/4/position = Vector3(0, 0.13410300016403, 0)
bones/4/rotation = Quaternion(0.07633009187588, 0, 0, 0.99708260293429)
bones/4/scale = Vector3(1, 0.99999994039536, 0.99999994039536)
bones/5/name = "mixamorig5_Head"
bones/5/parent = 4
bones/5/rest = Transform3D(1, 0, 0, 0, 1, 0, 0, 0, 1, 0, 0.0639114, 0.0321745)
bones/5/enabled = true
bones/5/position = Vector3(0, 0.06391099840403, 0.03217500075698)
bones/5/rotation = Quaternion(0, 0, 0, 1)
bones/5/scale = Vector3(1, 1, 1)
bones/6/name = "mixamorig5_HeadTop_End"
bones/6/parent = 5
bones/6/rest = Transform3D(1, 0, 0, 0, 1, 0, 0, 0, 1, 0, 0.19781, 0.0995824)
bones/6/enabled = true
bones/6/position = Vector3(0, 0.19780999422073, 0.09958200156689)
bones/6/rotation = Quaternion(0, 0, 0, 1)
bones/6/scale = Vector3(1, 1, 1)
bones/7/name = "mixamorig5_LeftShoulder"
bones/7/parent = 3
bones/7/rest = Transform3D(-0.0426016, 0.968664, -0.244693, 0.000969946, -0.244875, -0.969554, -0.999092, -0.0415419, 0.00949246, 0.0632233, 0.118948, -0.0025804)
bones/7/enabled = true
bones/7/position = Vector3(0.06322299689054, 0.11894799768925, -0.00258000008762)
bones/7/rotation = Quaternion(-0.54465394139955, -0.44581725315782, 0.56739800051449, -0.4273857390191)
bones/7/scale = Vector3(1, 1.00000011920929, 1)
bones/8/name = "mixamorig5_LeftArm"
bones/8/parent = 7
bones/8/rest = Transform3D(0.999685, -0.0248543, -0.0034525, 0.025093, 0.990178, 0.137545, 0, -0.137588, 0.990489, 0, 0.128637, 0)
bones/8/enabled = true
bones/8/position = Vector3(0, 0.12863700091839, 0)
bones/8/rotation = Quaternion(-0.11936007297084, -0.00091661779509, 0.02095741194709, 0.99262939694364)
bones/8/scale = Vector3(0.99999994039536, 1, 1)
bones/9/name = "mixamorig5_LeftForeArm"
bones/9/parent = 8
bones/9/rest = Transform3D(0.996331, -0.0847996, -0.0115347, 0.0855805, 0.98724, 0.134288, 0, -0.134782, 0.990875, 0, 0.26919, 0)
bones/9/enabled = true
bones/9/position = Vector3(0, 0.26919001340866, 0)
bones/9/rotation = Quaternion(0, -0.00290219747836, 0, 0.99999578861603)
bones/9/scale = Vector3(0.99999994039536, 1, 0.99999994039536)
bones/10/name = "mixamorig5_LeftHand"
bones/10/parent = 9
bones/10/rest = Transform3D(0.966828, -0.00444933, 0.25539, 0.034989, 0.99273, -0.115162, -0.253021, 0.120278, 0.959955, 0, 0.247895, 0)
bones/10/enabled = true
bones/10/position = Vector3(0, 0.24789500236511, 0)
bones/10/rotation = Quaternion(0.00461180044743, 0.0682650956887, -0.05317655976925, 0.9962383557655)
bones/10/scale = Vector3(1, 1, 1)
bones/11/name = "mixamorig5_LeftHandThumb1"
bones/11/parent = 10
bones/11/rest = Transform3D(0.841885, -0.507141, 0.184491, 0.539657, 0.79116, -0.287813, 0, 0.341868, 0.939748, -0.0286893, 0.0340676, 0.0160661)
bones/11/enabled = true
bones/11/position = Vector3(-0.02868900075555, 0.03406799957156, 0.01606599986553)
bones/11/rotation = Quaternion(0.21608006899556, 0.07806035111478, 0.23505957365205, 0.94443791865915)
bones/11/scale = Vector3(0.99999994039536, 1, 1)
bones/12/name = "mixamorig5_LeftHandThumb2"
bones/12/parent = 11
bones/12/rest = Transform3D(1, 0, 0, 0, 0.989855, -0.142083, 0, 0.142083, 0.989855, -0.0046146, 0.0375959, 0)
bones/12/enabled = true
bones/12/position = Vector3(-0.00461499998346, 0.03759599849582, 0)
bones/12/rotation = Quaternion(0.00030783234316, -0.00468193170776, 0.0564562181891, 0.99839405055445)
bones/12/scale = Vector3(0.99999994039536, 1, 0.99999994039536)
bones/13/name = "mixamorig5_LeftHandThumb3"
bones/13/parent = 12
bones/13/rest = Transform3D(1, 0, 0, 0, 0.993882, 0.110448, 0, -0.110448, 0.993882, -0.0002881, 0.0314144, 0)
bones/13/enabled = true
bones/13/position = Vector3(-0.00028800001019, 0.03141399845481, 0)
bones/13/rotation = Quaternion(-0.00055395209855, -0.0055282085599, 0.108821223427, 0.99404581050324)
bones/13/scale = Vector3(1, 0.99999994039536, 0.99999994039536)
bones/14/name = "mixamorig5_LeftHandThumb4"
bones/14/parent = 13
bones/14/rest = Transform3D(1, 0, 0, 0, 1, 0, 0, 0, 1, 0.0049027, 0.0231273, 0)
bones/14/enabled = true
bones/14/position = Vector3(0.00490299984813, 0.02312700077891, 0)
bones/14/rotation = Quaternion(0, 0, 0, 1)
bones/14/scale = Vector3(1, 1, 1)
bones/15/name = "mixamorig5_LeftHandIndex1"
bones/15/parent = 10
bones/15/rest = Transform3D(0.992511, -0.120215, 0.0216769, 0.122154, 0.976759, -0.176127, 0, 0.177456, 0.984129, -0.0353969, 0.102417, -0.0013483)
bones/15/enabled = true
bones/15/position = Vector3(-0.03539700061083, 0.10241699963808, -0.00134800001979)
bones/15/rotation = Quaternion(-0.00825277606228, 0.00032131486742, 0.05337838721449, 0.99854020260699)
bones/15/scale = Vector3(0.99999994039536, 1, 0.99999994039536)
bones/16/name = "mixamorig5_LeftHandIndex2"
bones/16/parent = 15
bones/16/rest = Transform3D(1, 0, 0, 0, 0.999993, 0.00379927, 0, -0.00379927, 0.999993, 3.9099999999999995e-05, 0.0302303, 0)
bones/16/enabled = true
bones/16/position = Vector3(3.899999865097925e-05, 0.03023000061512, 0)
bones/16/rotation = Quaternion(-4.105189899527523e-09, -2.792669374968039e-06, 0.00017987956817, 0.99999998381777)
bones/16/scale = Vector3(1, 1, 1)
bones/17/name = "mixamorig5_LeftHandIndex3"
bones/17/parent = 16
bones/17/rest = Transform3D(1, 0, 0, 0, 0.998133, -0.0610704, 0, 0.0610704, 0.998133, 4.6399999999999996e-05, 0.0278807, 0)
bones/17/enabled = true
bones/17/position = Vector3(4.600000102072954e-05, 0.02788100019097, 0)
bones/17/rotation = Quaternion(2.5824463771745852e-08, -2.809455446789059e-05, -0.00256906304396, 0.99999669955744)
bones/17/scale = Vector3(1, 1, 1)
bones/18/name = "mixamorig5_LeftHandIndex4"
bones/18/parent = 17
bones/18/rest = Transform3D(1, 0, 0, 0, 1, 0, 0, 0, 1, -8.549999999999999e-05, 0.0246537, 0)
bones/18/enabled = true
bones/18/position = Vector3(-8.600000001024455e-05, 0.0246539991349, 0)
bones/18/rotation = Quaternion(0, 0, 0, 1)
bones/18/scale = Vector3(1, 1, 1)
bones/19/name = "mixamorig5_LeftHandMiddle1"
bones/19/parent = 10
bones/19/rest = Transform3D(0.998308, 0.0580724, -0.00301496, -0.0581506, 0.996965, -0.0517597, 0, 0.0518474, 0.998655, -0.0107248, 0.101249, -0.0016746)
bones/19/enabled = true
bones/19/position = Vector3(-0.01072499994189, 0.10124900192022, -0.00167499994859)
bones/19/rotation = Quaternion(-0.00814618752574, -0.00177388980984, 0.05539546321823, 0.99842968485446)
bones/19/scale = Vector3(0.99999994039536, 1, 1)
bones/20/name = "mixamorig5_LeftHandMiddle2"
bones/20/parent = 19
bones/20/rest = Transform3D(1, 0, 0, 0, 0.985198, -0.171422, 0, 0.171422, 0.985198, 0.0001797, 0.0339903, 0)
bones/20/enabled = true
bones/20/position = Vector3(0.00018000000273, 0.03398999944329, 0)
bones/20/rotation = Quaternion(5.318530769555344e-08, 6.776870688485997e-05, -0.00451080555027, 0.99998982396857)
bones/20/scale = Vector3(0.99999994039536, 0.99999994039536, 1)
bones/21/name = "mixamorig5_LeftHandMiddle3"
bones/21/parent = 20
bones/21/rest = Transform3D(1, 0, 0, 0, 0.999399, 0.034656, 0, -0.034656, 0.999399, -0.0001232, 0.0330115, 0)
bones/21/enabled = true
bones/21/position = Vector3(-0.00012300000526, 0.03301100060344, 0)
bones/21/rotation = Quaternion(-1.3870676884818023e-07, 4.9032289765305284e-05, 0.00089713536492, 0.99999959637189)
bones/21/scale = Vector3(1, 1, 1)
bones/22/name = "mixamorig5_LeftHandMiddle4"
bones/22/parent = 21
bones/22/rest = Transform3D(1, 0, 0, 0, 1, 0, 0, 0, 1, -5.66e-05, 0.0295073, 0)
bones/22/enabled = true
bones/22/position = Vector3(-5.700000110664405e-05, 0.02950699999928, 0)
bones/22/rotation = Quaternion(0, 0, 0, 1)
bones/22/scale = Vector3(1, 1, 1)
bones/23/name = "mixamorig5_LeftHandRing1"
bones/23/parent = 10
bones/23/rest = Transform3D(0.992245, 0.121833, -0.0246138, -0.124295, 0.972595, -0.196492, 0, 0.198028, 0.980196, 0.0126158, 0.102273, -0.0024396)
bones/23/enabled = true
bones/23/position = Vector3(0.01261600013822, 0.10227300226688, -0.00243999995291)
bones/23/rotation = Quaternion(-0.00764935672908, -0.01106006524877, 0.05260681943785, 0.99852475424847)
bones/23/scale = Vector3(0.99999994039536, 1, 1)
bones/24/name = "mixamorig5_LeftHandRing2"
bones/24/parent = 23
bones/24/rest = Transform3D(1, 0, 0, 0, 0.998719, -0.0505977, 0, 0.0505977, 0.998719, -1.28e-05, 0.0297678, 0)
bones/24/enabled = true
bones/24/position = Vector3(-1.2999999853491317e-05, 0.02976799942553, 0)
bones/24/rotation = Quaternion(5.37764933899759e-08, -3.689669447261729e-05, -0.00102077647223, 0.99999947832688)
bones/24/scale = Vector3(1, 1, 1)
bones/25/name = "mixamorig5_LeftHandRing3"
bones/25/parent = 24
bones/25/rest = Transform3D(1, 0, 0, 0, 0.989507, 0.144483, 0, -0.144483, 0.989507, -6.7e-05, 0.0270349, 0)
bones/25/enabled = true
bones/25/position = Vector3(-6.70000008540228e-05, 0.02703499980271, 0)
bones/25/rotation = Quaternion(-1.4816919213587431e-08, -3.280305459360503e-05, 0.00292995269022, 0.99999570714138)
bones/25/scale = Vector3(1, 1, 1)
bones/26/name = "mixamorig5_LeftHandRing4"
bones/26/parent = 25
bones/26/rest = Transform3D(1, 0, 0, 0, 1, 0, 0, 0, 1, 7.98e-05, 0.0236566, 0)
bones/26/enabled = true
bones/26/position = Vector3(7.999999797903001e-05, 0.02365699969232, 0)
bones/26/rotation = Quaternion(0, 0, 0, 1)
bones/26/scale = Vector3(1, 1, 1)
bones/27/name = "mixamorig5_LeftHandPinky1"
bones/27/parent = 10
bones/27/rest = Transform3D(0.949713, 0.301956, -0.0828697, -0.313121, 0.915849, -0.251348, 0, 0.264657, 0.964343, 0.0335059, 0.0900517, -0.0029137)
bones/27/enabled = true
bones/27/position = Vector3(0.03350599855185, 0.09005200117826, -0.00291400006972)
bones/27/rotation = Quaternion(-0.00677882095169, -0.02762066228167, 0.05310494506148, 0.99818385651725)
bones/27/scale = Vector3(1, 0.99999994039536, 0.99999994039536)
bones/28/name = "mixamorig5_LeftHandPinky2"
bones/28/parent = 27
bones/28/rest = Transform3D(1, 0, 0, 0, 0.999232, -0.0391972, 0, 0.0391972, 0.999232, 9e-06, 0.0280028, 0)
bones/28/enabled = true
bones/28/position = Vector3(9.000000318337698e-06, 0.02800299972296, 0)
bones/28/rotation = Quaternion(0, 6.007518426948864e-07, -0.00029075300476, 0.99999995773116)
bones/28/scale = Vector3(1, 1, 1)
bones/29/name = "mixamorig5_LeftHandPinky3"
bones/29/parent = 28
bones/29/rest = Transform3D(1, 0, 0, 0, 0.989111, 0.147171, 0, -0.147171, 0.989111, -5.899999999999999e-06, 0.0230675, 0)
bones/29/enabled = true
bones/29/position = Vector3(-6.000000212225132e-06, 0.02306699939072, 0)
bones/29/rotation = Quaternion(-3.197238913322224e-09, 1.5380433956060304e-05, 5.223491090405742e-05, 0.99999999851748)
bones/29/scale = Vector3(1, 1, 1)
bones/30/name = "mixamorig5_LeftHandPinky4"
bones/30/parent = 29
bones/30/rest = Transform3D(1, 0, 0, 0, 1, 0, 0, 0, 1, -3e-06, 0.0192749, 0)
bones/30/enabled = true
bones/30/position = Vector3(-3.000000106112566e-06, 0.01927500031888, 0)
bones/30/rotation = Quaternion(0, 0, 0, 1)
bones/30/scale = Vector3(1, 1, 1)
bones/31/name = "mixamorig5_RightShoulder"
bones/31/parent = 3
bones/31/rest = Transform3D(-0.0349087, -0.968664, 0.245908, -0.000917614, -0.246027, -0.969262, 0.99939, -0.0340613, 0.00769961, -0.0632233, 0.118873, -0.0020992)
bones/31/enabled = true
bones/31/position = Vector3(-0.06322299689054, 0.11887300014496, -0.00209899991751)
bones/31/rotation = Quaternion(0.54708931493828, -0.44383735549399, 0.56555656163572, 0.42877436833286)
bones/31/scale = Vector3(1, 1, 1)
bones/32/name = "mixamorig5_RightArm"
bones/32/parent = 31
bones/32/rest = Transform3D(0.999884, 0.0150887, 0.00211986, -0.0152369, 0.99016, 0.139111, 0, -0.139127, 0.990275, 0, 0.128637, 0)
bones/32/enabled = true
bones/32/position = Vector3(0, 0.12863700091839, 0)
bones/32/rotation = Quaternion(-0.11998337271829, 0.00027769573536, -0.0170044672133, 0.99263022382507)
bones/32/scale = Vector3(1, 1, 0.99999994039536)
bones/33/name = "mixamorig5_RightForeArm"
bones/33/parent = 32
bones/33/rest = Transform3D(0.994445, 0.104344, 0.013856, -0.10526, 0.985791, 0.130905, 0, -0.131636, 0.991298, 0, 0.269191, 0)
bones/33/enabled = true
bones/33/position = Vector3(0, 0.2691909968853, 0)
bones/33/rotation = Quaternion(0, 0.00348876251582, 0, 0.99999391424954)
bones/33/scale = Vector3(1, 1, 1)
bones/34/name = "mixamorig5_RightHand"
bones/34/parent = 33
bones/34/rest = Transform3D(0.972981, -0.0628207, -0.222176, 0.035926, 0.991745, -0.123087, 0.228074, 0.111779, 0.967206, 0, 0.248212, 0)
bones/34/enabled = true
bones/34/position = Vector3(0, 0.24821199476719, 0)
bones/34/rotation = Quaternion(0.01030569507419, -0.08587330445151, 0.05715738892368, 0.99461178412637)
bones/34/scale = Vector3(1, 1, 0.99999994039536)
bones/35/name = "mixamorig5_RightHandThumb1"
bones/35/parent = 34
bones/35/rest = Transform3D(0.825086, 0.526235, -0.205692, -0.565007, 0.768468, -0.300374, 0, 0.364052, 0.931379, 0.0268985, 0.0319624, 0.0162485)
bones/35/enabled = true
bones/35/position = Vector3(0.02689900062978, 0.03196199983358, 0.01624899916351)
bones/35/rotation = Quaternion(0.20295736445163, -0.0719638028718, -0.25907597266811, 0.94154615376898)
bones/35/scale = Vector3(1, 1, 1)
bones/36/name = "mixamorig5_RightHandThumb2"
bones/36/parent = 35
bones/36/rest = Transform3D(1, 0, 0, 0, 0.986205, -0.165529, 0, 0.165529, 0.986205, 0.0033076, 0.035706, 0)
bones/36/enabled = true
bones/36/position = Vector3(0.00330800004303, 0.03570599853992, 0)
bones/36/rotation = Quaternion(8.619521099971738e-05, 0.00268124570265, -0.06020874696312, 0.99818220294744)
bones/36/scale = Vector3(1, 1, 1)
bones/37/name = "mixamorig5_RightHandThumb3"
bones/37/parent = 36
bones/37/rest = Transform3D(1, 0, 0, 0, 0.975594, 0.21958, 0, -0.21958, 0.975594, -0.0008805, 0.0313337, 0)
bones/37/enabled = true
bones/37/position = Vector3(-0.00088100001449, 0.03133400157094, 0)
bones/37/rotation = Quaternion(-0.00043449955966, 0.00693771298528, -0.03443031802071, 0.9993829258846)
bones/37/scale = Vector3(1, 1, 1)
bones/38/name = "mixamorig5_RightHandThumb4"
bones/38/parent = 37
bones/38/rest = Transform3D(1, 0, 0, 0, 1, 0, 0, 0, 1, -0.0024271, 0.0249464, 0)
bones/38/enabled = true
bones/38/position = Vector3(-0.00242700008675, 0.02494600042701, 0)
bones/38/rotation = Quaternion(0, 0, 0, 1)
bones/38/scale = Vector3(1, 1, 1)
bones/39/name = "mixamorig5_RightHandIndex1"
bones/39/parent = 34
bones/39/rest = Transform3D(0.985666, 0.165979, -0.0302138, -0.168707, 0.969731, -0.176524, 0, 0.179091, 0.983833, 0.034657, 0.101042, -0.001317)
bones/39/enabled = true
bones/39/position = Vector3(0.03465700149536, 0.1010420024395, -0.00131700001657)
bones/39/rotation = Quaternion(-0.01525687662055, -0.00129397524077, -0.05597476873516, 0.9983147693032)
bones/39/scale = Vector3(1, 1, 1)
bones/40/name = "mixamorig5_RightHandIndex2"
bones/40/parent = 39
bones/40/rest = Transform3D(1, 0, 0, 0, 0.999849, -0.0173716, 0, 0.0173716, 0.999849, 4.4e-06, 0.0309364, 0)
bones/40/enabled = true
bones/40/position = Vector3(3.999999989900971e-06, 0.03093600086868, 0)
bones/40/rotation = Quaternion(2.231966807473479e-09, 4.403233964137488e-06, 0.00037759335386, 0.99999992870193)
bones/40/scale = Vector3(1, 1, 1)
bones/41/name = "mixamorig5_RightHandIndex3"
bones/41/parent = 40
bones/41/rest = Transform3D(1, 0, 0, 0, 0.998854, 0.0478517, 0, -0.0478517, 0.998854, 2.4999999999999998e-05, 0.0282653, 0)
bones/41/enabled = true
bones/41/position = Vector3(2.499999936844688e-05, 0.02826499938965, 0)
bones/41/rotation = Quaternion(-4.939134140737838e-10, 3.4385978141716787e-06, -0.00102812471682, 0.99999947147373)
bones/41/scale = Vector3(1, 1, 1)
bones/42/name = "mixamorig5_RightHandIndex4"
bones/42/parent = 41
bones/42/rest = Transform3D(1, 0, 0, 0, 1, 0, 0, 0, 1, -2.95e-05, 0.0247486, 0)
bones/42/enabled = true
bones/42/position = Vector3(-2.9000000722589903e-05, 0.02474899962544, 0)
bones/42/rotation = Quaternion(0, 0, 0, 1)
bones/42/scale = Vector3(1, 1, 1)
bones/43/name = "mixamorig5_RightHandMiddle1"
bones/43/parent = 34
bones/43/rest = Transform3D(0.999145, -0.0410843, 0.00455325, 0.0413359, 0.993065, -0.110058, 0, 0.110152, 0.993915, 0.0114343, 0.101465, -0.0030967)
bones/43/enabled = true
bones/43/position = Vector3(0.01143399998546, 0.10146500170231, -0.00309700006619)
bones/43/rotation = Quaternion(-0.01496506919512, 0.00391118733211, -0.05635243919416, 0.99829111581467)
bones/43/scale = Vector3(0.99999994039536, 1, 1)
bones/44/name = "mixamorig5_RightHandMiddle2"
bones/44/parent = 43
bones/44/rest = Transform3D(1, 0, 0, 0, 0.996866, -0.0791116, 0, 0.0791116, 0.996866, -1.59e-05, 0.0340914, 0)
bones/44/enabled = true
bones/44/position = Vector3(-1.5999999959603883e-05, 0.03409099951386, 0)
bones/44/rotation = Quaternion(8.015124168810794e-10, -5.635089144334796e-06, 0.00032709603164, 0.99999994648821)
bones/44/scale = Vector3(0.99999994039536, 0.99999994039536, 1)
bones/45/name = "mixamorig5_RightHandMiddle3"
bones/45/parent = 44
bones/45/rest = Transform3D(1, 0, 0, 0, 0.999786, -0.0207045, 0, 0.0207045, 0.999786, 5.899999999999999e-06, 0.0324569, 0)
bones/45/enabled = true
bones/45/position = Vector3(6.000000212225132e-06, 0.03245700150728, 0)
bones/45/rotation = Quaternion(7.141749409794355e-10, 2.7192543174767277e-06, 7.777698168959207e-05, 0.99999999697167)
bones/45/scale = Vector3(1, 1, 1)
bones/46/name = "mixamorig5_RightHandMiddle4"
bones/46/parent = 45
bones/46/rest = Transform3D(1, 0, 0, 0, 1, 0, 0, 0, 1, 9.999999999999999e-06, 0.0293759, 0)
bones/46/enabled = true
bones/46/position = Vector3(9.999999747378752e-06, 0.02937600016594, 0)
bones/46/rotation = Quaternion(0, 0, 0, 1)
bones/46/scale = Vector3(1, 1, 1)
bones/47/name = "mixamorig5_RightHandRing1"
bones/47/parent = 34
bones/47/rest = Transform3D(0.99663, -0.0819501, 0.00346786, 0.0820235, 0.995739, -0.0421364, 0, 0.0422789, 0.999106, -0.0124701, 0.103005, 0.0002017)
bones/47/enabled = true
bones/47/position = Vector3(-0.01247000042349, 0.10300499945879, 0.00020199999562)
bones/47/rotation = Quaternion(-0.01510385478813, 0.00142935915959, -0.05614977560419, 0.99830708361833)
bones/47/scale = Vector3(0.99999994039536, 0.99999994039536, 1)
bones/48/name = "mixamorig5_RightHandRing2"
bones/48/parent = 47
bones/48/rest = Transform3D(1, 0, 0, 0, 0.973823, -0.227308, 0, 0.227308, 0.973823, -3.6e-06, 0.0289295, 0)
bones/48/enabled = true
bones/48/position = Vector3(-3.999999989900971e-06, 0.02892999909818, 0)
bones/48/rotation = Quaternion(1.66889194310537e-10, 4.383937198341378e-06, 0.00017633266997, 0.99999998444379)
bones/48/scale = Vector3(1, 1, 1)
bones/49/name = "mixamorig5_RightHandRing3"
bones/49/parent = 48
bones/49/rest = Transform3D(1, 0, 0, 0, 0.978386, 0.206789, 0, -0.206789, 0.978386, 5.6e-06, 0.0279845, 0)
bones/49/enabled = true
bones/49/position = Vector3(6.000000212225132e-06, 0.02798499912024, 0)
bones/49/rotation = Quaternion(-4.0158340074588465e-10, -6.4788136270253476e-06, -0.00015241640908, 0.99999998836363)
bones/49/scale = Vector3(1, 1, 1)
bones/50/name = "mixamorig5_RightHandRing4"
bones/50/parent = 49
bones/50/rest = Transform3D(1, 0, 0, 0, 1, 0, 0, 0, 1, -2.1e-06, 0.0221161, 0)
bones/50/enabled = true
bones/50/position = Vector3(-1.9999999949504854e-06, 0.02211599983275, 0)
bones/50/rotation = Quaternion(0, 0, 0, 1)
bones/50/scale = Vector3(1, 1, 1)
bones/51/name = "mixamorig5_RightHandPinky1"
bones/51/parent = 34
bones/51/rest = Transform3D(0.951698, -0.304024, 0.0428897, 0.307034, 0.942367, -0.132943, 0, 0.13969, 0.990195, -0.0336211, 0.0936502, -0.0016872)
bones/51/enabled = true
bones/51/position = Vector3(-0.03362099826336, 0.09364999830723, -0.00168700003996)
bones/51/rotation = Quaternion(-0.0144509775014, 0.01280014863953, -0.0551577841626, 0.99829101182487)
bones/51/scale = Vector3(1, 0.99999994039536, 0.99999994039536)
bones/52/name = "mixamorig5_RightHandPinky2"
bones/52/parent = 51
bones/52/rest = Transform3D(1, 0, 0, 0, 0.984422, -0.17582, 0, 0.17582, 0.984422, 6.1e-05, 0.027904, 0)
bones/52/enabled = true
bones/52/position = Vector3(6.0999998822808266e-05, 0.02790400013328, 0)
bones/52/rotation = Quaternion(6.834510274870719e-08, -7.78165639616679e-05, -0.00306434303985, 0.99999530186212)
bones/52/scale = Vector3(1, 1, 1)
bones/53/name = "mixamorig5_RightHandPinky3"
bones/53/parent = 52
bones/53/rest = Transform3D(1, 0, 0, 0, 0.991348, 0.131262, 0, -0.131262, 0.991348, -8.75e-05, 0.0223198, 0)
bones/53/enabled = true
bones/53/position = Vector3(-8.800000068731606e-05, 0.02232000045478, 0)
bones/53/rotation = Quaternion(-1.054350264553632e-07, 8.336640060050934e-05, 0.00267791115975, 0.99999641091449)
bones/53/scale = Vector3(0.99999994039536, 0.99999994039536, 1)
bones/54/name = "mixamorig5_RightHandPinky4"
bones/54/parent = 53
bones/54/rest = Transform3D(1, 0, 0, 0, 1, 0, 0, 0, 1, 2.65e-05, 0.0183984, 0)
bones/54/enabled = true
bones/54/position = Vector3(2.5999999706982635e-05, 0.0183979999274, 0)
bones/54/rotation = Quaternion(0, 0, 0, 1)
bones/54/scale = Vector3(1, 1, 1)
bones/55/name = "mixamorig5_LeftUpLeg"
bones/55/parent = 0
bones/55/rest = Transform3D(-0.997254, 0.0740575, 0, -0.0740165, -0.996702, -0.0332784, -0.00246452, -0.033187, 0.999446, 0.0937394, -0.0491061, -0.0052553)
bones/55/enabled = true
bones/55/position = Vector3(0.09373900294304, -0.04910600185394, -0.00525500020012)
bones/55/rotation = Quaternion(-0.00134436270946, -0.01658683978247, 0.99983874711661, 0.00674901468515)
bones/55/scale = Vector3(1, 1, 1)
bones/56/name = "mixamorig5_LeftLeg"
bones/56/parent = 55
bones/56/rest = Transform3D(0.999657, -0.026198, 0.000102424, 0.0261982, 0.999649, -0.00390822, 0, 0.00390956, 0.999992, 0, 0.432869, 0)
bones/56/enabled = true
bones/56/position = Vector3(0, 0.43286898732185, 0)
bones/56/rotation = Quaternion(0.00195460001739, 2.5607593222967267e-05, 0.01310004503819, 0.99991228000411)
bones/56/scale = Vector3(1, 0.99999994039536, 1)
bones/57/name = "mixamorig5_LeftFoot"
bones/57/parent = 56
bones/57/rest = Transform3D(0.999751, -0.0176925, -0.0135815, 0, 0.60892, -0.793232, 0.0223043, 0.793035, 0.608768, 0, 0.457133, 0)
bones/57/enabled = true
bones/57/position = Vector3(0, 0.45713299512863, 0)
bones/57/rotation = Quaternion(0.442048334117, 0.00821769038392, 0.0447583899347, 0.89583616046663)
bones/57/scale = Vector3(1, 1, 0.99999994039536)
bones/58/name = "mixamorig5_LeftToeBase"
bones/58/parent = 57
bones/58/rest = Transform3D(0.987586, -0.0943628, -0.125574, 0, 0.799442, -0.600744, 0.157077, 0.593286, 0.789518, 0, 0.181687, 0)
bones/58/enabled = true
bones/58/position = Vector3(0, 0.18168699741364, 0)
bones/58/rotation = Quaternion(0.31568473225741, -0.07472909158646, 0.02494832473016, 0.9455878033178)
bones/58/scale = Vector3(1, 1, 1)
bones/59/name = "mixamorig5_LeftToe_End"
bones/59/parent = 58
bones/59/rest = Transform3D(1, 0, 0, 0, 1, 0, 0, 0, 1, 0, 0.0689915, 0)
bones/59/enabled = true
bones/59/position = Vector3(0, 0.0689909979701, 0)
bones/59/rotation = Quaternion(0, 0, 0, 1)
bones/59/scale = Vector3(1, 1, 1)
bones/60/name = "mixamorig5_RightUpLeg"
bones/60/parent = 0
bones/60/rest = Transform3D(-0.997255, -0.074044, 0, 0.0739894, -0.99652, -0.0383921, 0.0028427, -0.0382867, 0.999263, -0.0937394, -0.0491061, -0.0054134)
bones/60/enabled = true
bones/60/position = Vector3(-0.09373900294304, -0.04910600185394, -0.00541300000623)
bones/60/rotation = Quaternion(0.00155116683865, -0.01913673385487, 0.99979285024772, -0.00675543428277)
bones/60/scale = Vector3(1.00000011920929, 1, 1)
bones/61/name = "mixamorig5_RightLeg"
bones/61/parent = 60
bones/61/rest = Transform3D(0.999656, 0.0262114, -0.000217564, -0.0262123, 0.999622, -0.0082972, 0, 0.00830005, 0.999966, 0, 0.432948, 0)
bones/61/enabled = true
bones/61/position = Vector3(0, 0.4329479932785, 0)
bones/61/rotation = Quaternion(0.00415002516294, -5.439925115076362e-05, -0.01310693684802, 0.99990548680279)
bones/61/scale = Vector3(1, 1, 1)
bones/62/name = "mixamorig5_RightFoot"
bones/62/parent = 61
bones/62/rest = Transform3D(0.999746, 0.0179816, 0.0135739, 0, 0.602488, -0.798128, -0.0225298, 0.797926, 0.602335, 0, 0.457143, 0)
bones/62/enabled = true
bones/62/position = Vector3(0, 0.45714300870895, 0)
bones/62/rotation = Quaternion(0.44564860427769, -0.00827023002708, -0.04478830780705, 0.89404861852386)
bones/62/scale = Vector3(1, 1, 1)
bones/63/name = "mixamorig5_RightToeBase"
bones/63/parent = 62
bones/63/rest = Transform3D(0.987097, 0.0952427, 0.128718, 0, 0.803868, -0.594808, -0.160123, 0.587133, 0.793495, 0, 0.18335, 0)
bones/63/enabled = true
bones/63/position = Vector3(0, 0.18334999680519, 0)
bones/63/rotation = Quaternion(0.31214283839827, 0.07628155986439, -0.02515307728706, 0.9466336644998)
bones/63/scale = Vector3(1, 1, 1)
bones/64/name = "mixamorig5_RightToe_End"
bones/64/parent = 63
bones/64/rest = Transform3D(1, 0, 0, 0, 1, 0, 0, 0, 1, 0, 0.0686321, 0)
bones/64/enabled = true
bones/64/position = Vector3(0, 0.06863199919462, 0)
bones/64/rotation = Quaternion(0, 0, 0, 1)
bones/64/scale = Vector3(1, 1, 1)

[node name="mesh" type="MeshInstance3D" parent="Skeleton3D" index="0"]
layers = 5
gi_mode = 0
mesh = ExtResource("3_eseir")

[node name="BoneSimulator" type="PhysicalBoneSimulator3D" parent="Skeleton3D" index="1"]
unique_name_in_owner = true
visible = false
active = false

[node name="hips" type="PhysicalBone3D" parent="Skeleton3D/BoneSimulator" index="0"]
transform = Transform3D(1.0, 0, 0, 0, 0.99999999999999, 0, 0, 0, 0.99999999999999, 0, 1.0549756, 0)
visible = false
collision_layer = 4
collision_mask = 116
body_offset = Transform3D(1.0, 0, 0, 0, 0.99999999999999, 0, 0, 0, 0.99999999999999, 0, 0, 0)
mass = 8.74
bone_name = "mixamorig5_Hips"
metadata/_edit_lock_ = true

[node name="capsule" type="CollisionShape3D" parent="Skeleton3D/BoneSimulator/hips" index="0"]
transform = Transform3D(0, 1, 0, -1, 0, 0, 0, 0, 1, 0, 0, 0)
shape = SubResource("CapsuleShape3D_8v15u")
metadata/_edit_lock_ = true

[node name="spine" type="PhysicalBone3D" parent="Skeleton3D/BoneSimulator" index="1"]
transform = Transform3D(1.0, 0, 0, 0, 0.98834770013452, 0.1522130862929, 0, -0.15221308629291, 0.98834770013452, 0, 1.1433366, -0.013608)
visible = false
collision_layer = 4
collision_mask = 116
joint_type = 5
body_offset = Transform3D(1.0, 0, 0, 0, 1.0, 0, 0, 0, 1.0, 0, 0, 0)
mass = 8.36
bone_name = "mixamorig5_Spine"
joint_constraints/x/linear_limit_enabled = true
joint_constraints/x/linear_limit_upper = 0.0
joint_constraints/x/linear_limit_lower = 0.0
joint_constraints/x/linear_limit_softness = 0.7
joint_constraints/x/linear_spring_enabled = false
joint_constraints/x/linear_spring_stiffness = 0.0
joint_constraints/x/linear_spring_damping = 0.0
joint_constraints/x/linear_equilibrium_point = 0.0
joint_constraints/x/linear_restitution = 0.5
joint_constraints/x/linear_damping = 1.0
joint_constraints/x/angular_limit_enabled = true
joint_constraints/x/angular_limit_upper = 2.0
joint_constraints/x/angular_limit_lower = -27.0
joint_constraints/x/angular_limit_softness = 0.5
joint_constraints/x/angular_restitution = 0.0
joint_constraints/x/angular_damping = 1.0
joint_constraints/x/erp = 0.5
joint_constraints/x/angular_spring_enabled = false
joint_constraints/x/angular_spring_stiffness = 0.0
joint_constraints/x/angular_spring_damping = 0.0
joint_constraints/x/angular_equilibrium_point = 0.0
joint_constraints/y/linear_limit_enabled = true
joint_constraints/y/linear_limit_upper = 0.0
joint_constraints/y/linear_limit_lower = 0.0
joint_constraints/y/linear_limit_softness = 0.7
joint_constraints/y/linear_spring_enabled = false
joint_constraints/y/linear_spring_stiffness = 0.0
joint_constraints/y/linear_spring_damping = 0.0
joint_constraints/y/linear_equilibrium_point = 0.0
joint_constraints/y/linear_restitution = 0.5
joint_constraints/y/linear_damping = 1.0
joint_constraints/y/angular_limit_enabled = true
joint_constraints/y/angular_limit_upper = 5.0
joint_constraints/y/angular_limit_lower = -5.0
joint_constraints/y/angular_limit_softness = 0.5
joint_constraints/y/angular_restitution = 0.0
joint_constraints/y/angular_damping = 1.0
joint_constraints/y/erp = 0.5
joint_constraints/y/angular_spring_enabled = false
joint_constraints/y/angular_spring_stiffness = 0.0
joint_constraints/y/angular_spring_damping = 0.0
joint_constraints/y/angular_equilibrium_point = 0.0
joint_constraints/z/linear_limit_enabled = true
joint_constraints/z/linear_limit_upper = 0.0
joint_constraints/z/linear_limit_lower = 0.0
joint_constraints/z/linear_limit_softness = 0.7
joint_constraints/z/linear_spring_enabled = false
joint_constraints/z/linear_spring_stiffness = 0.0
joint_constraints/z/linear_spring_damping = 0.0
joint_constraints/z/linear_equilibrium_point = 0.0
joint_constraints/z/linear_restitution = 0.5
joint_constraints/z/linear_damping = 1.0
joint_constraints/z/angular_limit_enabled = true
joint_constraints/z/angular_limit_upper = 3.0
joint_constraints/z/angular_limit_lower = -3.0
joint_constraints/z/angular_limit_softness = 0.5
joint_constraints/z/angular_restitution = 0.0
joint_constraints/z/angular_damping = 1.0
joint_constraints/z/erp = 0.5
joint_constraints/z/angular_spring_enabled = false
joint_constraints/z/angular_spring_stiffness = 0.0
joint_constraints/z/angular_spring_damping = 0.0
joint_constraints/z/angular_equilibrium_point = 0.0
metadata/_edit_lock_ = true

[node name="capsule" type="CollisionShape3D" parent="Skeleton3D/BoneSimulator/spine" index="0"]
transform = Transform3D(0, 1, 0, -1, 0, 0, 0, 0, 1, -0.0007322, 0.0602862, -0.0176823)
shape = SubResource("CapsuleShape3D_ku0mw")
metadata/_edit_lock_ = true

[node name="capsule2" type="CollisionShape3D" parent="Skeleton3D/BoneSimulator/spine" index="1"]
transform = Transform3D(0, 1, 0, -1, 0, 0, 0, 0, 1, 0, 0.0493773, 0.0843368)
shape = SubResource("CapsuleShape3D_jg8lc")
metadata/_edit_lock_ = true

[node name="spine1" type="PhysicalBone3D" parent="Skeleton3D/BoneSimulator" index="2"]
transform = Transform3D(1.0, 0, 0, 0, 0.98834770467081, 0.15221305683787, 0, -0.15221305683787, 0.98834770467082, 0, 1.2464243, -0.0294843)
visible = false
collision_layer = 4
collision_mask = 116
joint_type = 5
body_offset = Transform3D(1.0, 0, 0, 0, 1.0, 0, 0, 0, 1.0, 0, 0, 0)
mass = 6.43
bone_name = "mixamorig5_Spine1"
joint_constraints/x/linear_limit_enabled = true
joint_constraints/x/linear_limit_upper = 0.0
joint_constraints/x/linear_limit_lower = 0.0
joint_constraints/x/linear_limit_softness = 0.7
joint_constraints/x/linear_spring_enabled = false
joint_constraints/x/linear_spring_stiffness = 0.0
joint_constraints/x/linear_spring_damping = 0.0
joint_constraints/x/linear_equilibrium_point = 0.0
joint_constraints/x/linear_restitution = 0.5
joint_constraints/x/linear_damping = 1.0
joint_constraints/x/angular_limit_enabled = true
joint_constraints/x/angular_limit_upper = 5.0
joint_constraints/x/angular_limit_lower = -40.0
joint_constraints/x/angular_limit_softness = 0.5
joint_constraints/x/angular_restitution = 0.0
joint_constraints/x/angular_damping = 1.0
joint_constraints/x/erp = 0.5
joint_constraints/x/angular_spring_enabled = false
joint_constraints/x/angular_spring_stiffness = 0.0
joint_constraints/x/angular_spring_damping = 0.0
joint_constraints/x/angular_equilibrium_point = 0.0
joint_constraints/y/linear_limit_enabled = true
joint_constraints/y/linear_limit_upper = 0.0
joint_constraints/y/linear_limit_lower = 0.0
joint_constraints/y/linear_limit_softness = 0.7
joint_constraints/y/linear_spring_enabled = false
joint_constraints/y/linear_spring_stiffness = 0.0
joint_constraints/y/linear_spring_damping = 0.0
joint_constraints/y/linear_equilibrium_point = 0.0
joint_constraints/y/linear_restitution = 0.5
joint_constraints/y/linear_damping = 1.0
joint_constraints/y/angular_limit_enabled = true
joint_constraints/y/angular_limit_upper = 8.0
joint_constraints/y/angular_limit_lower = -8.0
joint_constraints/y/angular_limit_softness = 0.5
joint_constraints/y/angular_restitution = 0.0
joint_constraints/y/angular_damping = 1.0
joint_constraints/y/erp = 0.5
joint_constraints/y/angular_spring_enabled = false
joint_constraints/y/angular_spring_stiffness = 0.0
joint_constraints/y/angular_spring_damping = 0.0
joint_constraints/y/angular_equilibrium_point = 0.0
joint_constraints/z/linear_limit_enabled = true
joint_constraints/z/linear_limit_upper = 0.0
joint_constraints/z/linear_limit_lower = 0.0
joint_constraints/z/linear_limit_softness = 0.7
