[gd_scene load_steps=46 format=3 uid="uid://vvkd1vnbarkk"]

[ext_resource type="PackedScene" uid="uid://bj68njysaj2w5" path="res://character/base/character_base.tscn" id="1_g20gq"]
[ext_resource type="FontFile" uid="uid://cu8bvod6tnnwr" path="res://addons/guide/ui/renderers/keyboard/Lato-Black.ttf" id="1_uiaus"]
[ext_resource type="Script" uid="uid://yc5h3mnfmgmn" path="res://character/zombie/zombie.gd" id="2_t0jn8"]
[ext_resource type="Resource" uid="uid://bir81u7q2ypbn" path="res://data/zombie/basic_zombie_life.tres" id="3_0bopv"]
[ext_resource type="ArrayMesh" uid="uid://b4lot0o7tuu4k" path="res://model/zombie/romero.res" id="3_eseir"]
[ext_resource type="AnimationLibrary" uid="uid://g7yly4yxa66j" path="res://animation/zombie/zombie_anim_lib.res" id="4_7nqyo"]
[ext_resource type="Script" uid="uid://dc77cbpvaw8jo" path="res://script/hitbox/hitbox.gd" id="5_7nqyo"]
[ext_resource type="Script" uid="uid://cx8x5g2jhcrm6" path="res://script/hitbox/hurtbox.gd" id="6_u2i7b"]
[ext_resource type="AnimationNodeStateMachine" uid="uid://doyn6aqoxbrjx" path="res://animation/zombie/zombie_state_machine.tres" id="7_i7ii4"]

[sub_resource type="CapsuleShape3D" id="CapsuleShape3D_d0fm7"]
radius = 0.34
height = 1.67

[sub_resource type="CapsuleMesh" id="CapsuleMesh_uiaus"]
lightmap_size_hint = Vector2i(12, 11)
radius = 0.35
height = 1.5

[sub_resource type="StandardMaterial3D" id="StandardMaterial3D_roy8y"]
albedo_color = Color(0.713726, 0.278431, 0.027451, 1)

[sub_resource type="TextMesh" id="TextMesh_roy8y"]
text = "O ~ O"
font = ExtResource("1_uiaus")
font_size = 15
depth = 0.1

[sub_resource type="CapsuleShape3D" id="CapsuleShape3D_8v15u"]
radius = 0.0838082
height = 0.322067

[sub_resource type="CapsuleShape3D" id="CapsuleShape3D_ku0mw"]
radius = 0.0529853
height = 0.284892

[sub_resource type="CapsuleShape3D" id="CapsuleShape3D_jg8lc"]
radius = 0.0325604
height = 0.261656

[sub_resource type="CapsuleShape3D" id="CapsuleShape3D_7yx2g"]
radius = 0.0439937
height = 0.325205

[sub_resource type="CapsuleShape3D" id="CapsuleShape3D_qnupv"]
radius = 0.0444456
height = 0.261656

[sub_resource type="CapsuleShape3D" id="CapsuleShape3D_ej6yw"]
radius = 0.0439937
height = 0.27782

[sub_resource type="CapsuleShape3D" id="CapsuleShape3D_vxh6h"]
radius = 0.0253122
height = 0.166777

[sub_resource type="CapsuleShape3D" id="CapsuleShape3D_8mlvc"]
radius = 0.0152425
height = 0.112132

[sub_resource type="CapsuleShape3D" id="CapsuleShape3D_xljap"]
radius = 0.0152425
height = 0.101975

[sub_resource type="CapsuleShape3D" id="CapsuleShape3D_h1j2a"]
radius = 0.0344045
height = 0.208697

[sub_resource type="SphereShape3D" id="SphereShape3D_8mlvc"]
radius = 0.0768323

[sub_resource type="CapsuleShape3D" id="CapsuleShape3D_fn7r2"]
radius = 0.0377818
height = 0.312499

[sub_resource type="CapsuleShape3D" id="CapsuleShape3D_nyvhy"]
radius = 0.0323648
height = 0.180686

[sub_resource type="CapsuleShape3D" id="CapsuleShape3D_l25s0"]
radius = 0.027201
height = 0.18288

[sub_resource type="CapsuleShape3D" id="CapsuleShape3D_mqpms"]
radius = 0.0377818
height = 0.312499

[sub_resource type="CapsuleShape3D" id="CapsuleShape3D_5yjw4"]
radius = 0.0371822
height = 0.181

[sub_resource type="CapsuleShape3D" id="CapsuleShape3D_gebbx"]
radius = 0.027201
height = 0.18288

[sub_resource type="CapsuleShape3D" id="CapsuleShape3D_0u0fa"]
radius = 0.0838082
height = 0.458253

[sub_resource type="CapsuleShape3D" id="CapsuleShape3D_pqsfs"]
radius = 0.0624478
height = 0.268532

[sub_resource type="CapsuleShape3D" id="CapsuleShape3D_j1wst"]
radius = 0.035
height = 0.288

[sub_resource type="CapsuleShape3D" id="CapsuleShape3D_hbroy"]
radius = 0.0838082
height = 0.458253

[sub_resource type="CapsuleShape3D" id="CapsuleShape3D_veaa0"]
radius = 0.0627804
height = 0.269

[sub_resource type="CapsuleShape3D" id="CapsuleShape3D_gmrko"]
radius = 0.0354533
height = 0.288102

[sub_resource type="CylinderShape3D" id="CylinderShape3D_eseir"]
resource_local_to_scene = true
height = 1.5
radius = 0.362793

[sub_resource type="CapsuleShape3D" id="CapsuleShape3D_t0jn8"]
resource_local_to_scene = true
radius = 0.099
height = 0.301

[sub_resource type="CapsuleShape3D" id="CapsuleShape3D_0bopv"]
resource_local_to_scene = true
radius = 0.192
height = 0.596

[sub_resource type="CapsuleShape3D" id="CapsuleShape3D_i7ii4"]
resource_local_to_scene = true
radius = 0.062
height = 0.385

[sub_resource type="CapsuleShape3D" id="CapsuleShape3D_6edqa"]
resource_local_to_scene = true
radius = 0.062
height = 0.385

[sub_resource type="SphereShape3D" id="SphereShape3D_82ydo"]
resource_local_to_scene = true
radius = 0.092

[sub_resource type="CapsuleShape3D" id="CapsuleShape3D_u2i7b"]
resource_local_to_scene = true
radius = 0.119
height = 0.57

[sub_resource type="CapsuleShape3D" id="CapsuleShape3D_82ydo"]
resource_local_to_scene = true
radius = 0.111
height = 0.622

[sub_resource type="SphereShape3D" id="SphereShape3D_d0fm7"]
resource_local_to_scene = true
radius = 0.147

[node name="zombie" instance=ExtResource("1_g20gq")]
process_mode = 1
disable_mode = 2
script = ExtResource("2_t0jn8")
rotate_top_speed = 6.28319
rotate_acceleration = 0.392699
rotate_decceleration = 0.785398
rotate_stop_time = 2.0
rotate_face_target_distance = 1.0
target_enabled = false
target_search_radius = 50.0
target_search_groups = Array[String]([])
target_update_deviation = 0.2
target_search_rate = 3.0
target_update_rate = 1.0
target_update_distance = 0.5
anim_idle = "idle"
anim_attack = "attack"
anim_run = "run"
life = ExtResource("3_0bopv")
attack_damage = 0.0
mult_head = 3.0
mult_body = 1.0
mult_arm = 0.35
mult_leg = 0.5
attack_range = 1.24
attack_facing = 0.996
collider_shape = SubResource("CapsuleShape3D_d0fm7")
top_speed = 4.7
move_acceleration = 18.0
move_turn_speed_keep = 0.6

[node name="collider" parent="." index="0"]
transform = Transform3D(1, 0, 0, 0, 1, 0, 0, 0, 1, 0, 0.835, 0)
visible = false
shape = SubResource("CapsuleShape3D_d0fm7")

[node name="capsule" type="MeshInstance3D" parent="collider" index="0"]
visible = false
gi_mode = 2
mesh = SubResource("CapsuleMesh_uiaus")
surface_material_override/0 = SubResource("StandardMaterial3D_roy8y")

[node name="face" type="MeshInstance3D" parent="collider" index="1"]
transform = Transform3D(1, 0, 0, 0, 1, 0, 0, 0, 1, 0, 0.4, 0.325)
visible = false
cast_shadow = 0
gi_mode = 0
mesh = SubResource("TextMesh_roy8y")

[node name="RayCast3D" type="RayCast3D" parent="collider" index="2"]
target_position = Vector3(0, 0, 1)
collision_mask = 0

[node name="Skeleton3D" type="Skeleton3D" parent="." index="1"]
transform = Transform3D(1, 0, 0, 0, 1, 0, 0, 0, 1, 0, 0.009, 0)
bones/0/name = "mixamorig5_Hips"
bones/0/parent = -1
bones/0/rest = Transform3D(1, 0, 0, 0, 1, 0, 0, 0, 1, -2.99072e-05, 1.05156, 0.023987)
bones/0/enabled = true
bones/0/position = Vector3(0, 1.05498, 0)
bones/0/rotation = Quaternion(0, 0, 0, 1)
bones/0/scale = Vector3(1, 1, 1)
bones/1/name = "mixamorig5_Spine"
bones/1/parent = 0
bones/1/rest = Transform3D(1, 0, 0, 0, 0.988348, 0.152214, 0, -0.152214, 0.988348, -6.77626e-21, 0.0883605, -0.0136083)
bones/1/enabled = true
bones/1/position = Vector3(0, 0.088361, -0.013608)
bones/1/rotation = Quaternion(-0.0763292, 0, 0, 0.997083)
bones/1/scale = Vector3(1, 1, 1)
bones/2/name = "mixamorig5_Spine1"
bones/2/parent = 1
bones/2/rest = Transform3D(1, 0, 0, 0, 1, 8.83652e-08, 0, -8.83652e-08, 1, 1.01644e-20, 0.104303, -6.33019e-10)
bones/2/enabled = true
bones/2/position = Vector3(0, 0.104303, 0)
bones/2/rotation = Quaternion(0, 0, 0, 1)
bones/2/scale = Vector3(1, 1, 1)
bones/3/name = "mixamorig5_Spine2"
bones/3/parent = 2
bones/3/rest = Transform3D(1, 0, 0, 0, 1, -8.32667e-17, 0, 8.32667e-17, 1, 0, 0.119203, -2.40652e-10)
bones/3/enabled = true
bones/3/position = Vector3(0, 0.119203, 0)
bones/3/rotation = Quaternion(0, 0, 0, 1)
bones/3/scale = Vector3(1, 1, 1)
bones/4/name = "mixamorig5_Neck"
bones/4/parent = 3
bones/4/rest = Transform3D(1, 0, 0, 0, 0.988348, -0.152214, 0, 0.152214, 0.988348, 0, 0.134103, 2.5943e-08)
bones/4/enabled = true
bones/4/position = Vector3(0, 0.134103, 0)
bones/4/rotation = Quaternion(0.0763301, 0, 0, 0.997083)
bones/4/scale = Vector3(1, 1, 1)
bones/5/name = "mixamorig5_Head"
bones/5/parent = 4
bones/5/rest = Transform3D(1, 0, 0, 0, 1, 0, 0, 0, 1, 0, 0.0639114, 0.0321745)
bones/5/enabled = true
bones/5/position = Vector3(0, 0.063911, 0.032175)
bones/5/rotation = Quaternion(0, 0, 0, 1)
bones/5/scale = Vector3(1, 1, 1)
bones/6/name = "mixamorig5_HeadTop_End"
bones/6/parent = 5
bones/6/rest = Transform3D(1, 0, 0, 0, 1, 0, 0, 0, 1, 0, 0.19781, 0.0995824)
bones/6/enabled = true
bones/6/position = Vector3(0, 0.19781, 0.099582)
bones/6/rotation = Quaternion(0, 0, 0, 1)
bones/6/scale = Vector3(1, 1, 1)
bones/7/name = "mixamorig5_LeftShoulder"
bones/7/parent = 3
bones/7/rest = Transform3D(-0.0426016, 0.968664, -0.244693, 0.000969946, -0.244875, -0.969554, -0.999092, -0.0415419, 0.00949246, 0.0632233, 0.118948, -0.00258038)
bones/7/enabled = true
bones/7/position = Vector3(0.063223, 0.118948, -0.00258)
bones/7/rotation = Quaternion(-0.544654, -0.445817, 0.567398, -0.427386)
bones/7/scale = Vector3(1, 1, 1)
bones/8/name = "mixamorig5_LeftArm"
bones/8/parent = 7
bones/8/rest = Transform3D(0.999685, -0.0248543, -0.0034525, 0.025093, 0.990178, 0.137545, -1.16415e-10, -0.137588, 0.990489, -1.19148e-11, 0.128637, -9.31386e-11)
bones/8/enabled = true
bones/8/position = Vector3(0, 0.128637, 0)
bones/8/rotation = Quaternion(-0.11936, -0.000916618, 0.0209574, 0.992629)
bones/8/scale = Vector3(1, 1, 1)
bones/9/name = "mixamorig5_LeftForeArm"
bones/9/parent = 8
bones/9/rest = Transform3D(0.996331, -0.0847996, -0.0115347, 0.0855805, 0.98724, 0.134288, -2.23517e-08, -0.134782, 0.990875, 4.75978e-12, 0.26919, -1.79743e-11)
bones/9/enabled = true
bones/9/position = Vector3(0, 0.26919, 0)
bones/9/rotation = Quaternion(6.96265e-09, -0.0029022, 1.99361e-09, 0.999996)
bones/9/scale = Vector3(1, 1, 1)
bones/10/name = "mixamorig5_LeftHand"
bones/10/parent = 9
bones/10/rest = Transform3D(0.966828, -0.00444933, 0.25539, 0.034989, 0.99273, -0.115162, -0.253021, 0.120278, 0.959955, 2.19437e-11, 0.247895, 4.94345e-10)
bones/10/enabled = true
bones/10/position = Vector3(0, 0.247895, 0)
bones/10/rotation = Quaternion(0.0046118, 0.0682651, -0.0531766, 0.996238)
bones/10/scale = Vector3(1, 1, 1)
bones/11/name = "mixamorig5_LeftHandThumb1"
bones/11/parent = 10
bones/11/rest = Transform3D(0.841885, -0.507141, 0.184491, 0.539657, 0.79116, -0.287813, 0, 0.341868, 0.939748, -0.0286893, 0.0340676, 0.0160661)
bones/11/enabled = true
bones/11/position = Vector3(-0.028689, 0.034068, 0.016066)
bones/11/rotation = Quaternion(0.21608, 0.0780604, 0.23506, 0.944438)
bones/11/scale = Vector3(1, 1, 1)
bones/12/name = "mixamorig5_LeftHandThumb2"
bones/12/parent = 11
bones/12/rest = Transform3D(1, -2.77556e-17, 1.98185e-18, 2.77556e-17, 0.989855, -0.142083, 1.98185e-18, 0.142083, 0.989855, -0.00461461, 0.0375959, 4.77939e-10)
bones/12/enabled = true
bones/12/position = Vector3(-0.004615, 0.037596, 0)
bones/12/rotation = Quaternion(0.000307836, -0.00468193, 0.0564562, 0.998394)
bones/12/scale = Vector3(1, 1, 1)
bones/13/name = "mixamorig5_LeftHandThumb3"
bones/13/parent = 12
bones/13/rest = Transform3D(1, -5.47424e-17, -1.69527e-17, 5.62799e-17, 0.993882, 0.110448, 1.08028e-17, -0.110448, 0.993882, -0.000288104, 0.0314144, -2.33482e-09)
bones/13/enabled = true
bones/13/position = Vector3(-0.000288, 0.031414, 0)
bones/13/rotation = Quaternion(-0.000553954, -0.00552821, 0.108821, 0.994046)
bones/13/scale = Vector3(1, 1, 1)
bones/14/name = "mixamorig5_LeftHandThumb4"
bones/14/parent = 13
bones/14/rest = Transform3D(1, 9.62965e-35, -1.38778e-17, 9.62965e-35, 1, 1.38778e-17, 1.38778e-17, -1.38778e-17, 1, 0.00490271, 0.0231273, -2.83872e-10)
bones/14/enabled = true
bones/14/position = Vector3(0.004903, 0.023127, 0)
bones/14/rotation = Quaternion(0, 0, 0, 1)
bones/14/scale = Vector3(1, 1, 1)
bones/15/name = "mixamorig5_LeftHandIndex1"
bones/15/parent = 10
bones/15/rest = Transform3D(0.992511, -0.120215, 0.0216769, 0.122154, 0.976759, -0.176127, -9.31323e-10, 0.177456, 0.984129, -0.0353969, 0.102417, -0.00134835)
bones/15/enabled = true
bones/15/position = Vector3(-0.035397, 0.102417, -0.001348)
bones/15/rotation = Quaternion(-0.00825278, 0.000321314, 0.0533784, 0.99854)
bones/15/scale = Vector3(1, 1, 1)
bones/16/name = "mixamorig5_LeftHandIndex2"
bones/16/parent = 15
bones/16/rest = Transform3D(1, -1.38778e-17, -2.63628e-20, 1.38778e-17, 0.999993, 0.00379927, -2.63628e-20, -0.00379927, 0.999993, 3.91213e-05, 0.0302303, -9.60567e-10)
bones/16/enabled = true
bones/16/position = Vector3(3.9e-05, 0.03023, 0)
bones/16/rotation = Quaternion(-4.07454e-09, -2.79267e-06, 0.00017988, 1)
bones/16/scale = Vector3(1, 1, 1)
bones/17/name = "mixamorig5_LeftHandIndex3"
bones/17/parent = 16
bones/17/rest = Transform3D(1, 2.81797e-17, 1.30295e-17, -2.73314e-17, 0.998133, -0.0610704, -1.47261e-17, 0.0610704, 0.998133, 4.64207e-05, 0.0278807, 6.78536e-10)
bones/17/enabled = true
bones/17/position = Vector3(4.6e-05, 0.027881, 0)
bones/17/rotation = Quaternion(2.6077e-08, -2.80946e-05, -0.00256906, 0.999997)
bones/17/scale = Vector3(1, 1, 1)
bones/18/name = "mixamorig5_LeftHandIndex4"
bones/18/parent = 17
bones/18/rest = Transform3D(1, -1.38778e-17, -2.77556e-17, 1.38778e-17, 1, -1.2837e-16, 2.77556e-17, 1.2837e-16, 1, -8.55413e-05, 0.0246537, -2.1468e-10)
bones/18/enabled = true
bones/18/position = Vector3(-8.6e-05, 0.024654, 0)
bones/18/rotation = Quaternion(0, 0, 0, 1)
bones/18/scale = Vector3(1, 1, 1)
bones/19/name = "mixamorig5_LeftHandMiddle1"
bones/19/parent = 10
bones/19/rest = Transform3D(0.998308, 0.0580724, -0.00301496, -0.0581506, 0.996965, -0.0517597, 0, 0.0518474, 0.998655, -0.0107248, 0.101249, -0.0016746)
bones/19/enabled = true
bones/19/position = Vector3(-0.010725, 0.101249, -0.001675)
bones/19/rotation = Quaternion(-0.00814619, -0.00177389, 0.0553955, 0.99843)
bones/19/scale = Vector3(1, 1, 1)
bones/20/name = "mixamorig5_LeftHandMiddle2"
bones/20/parent = 19
bones/20/rest = Transform3D(1, 1.46654e-18, 6.864e-18, -2.68188e-19, 0.985198, -0.171422, -7.01379e-18, 0.171422, 0.985198, 0.000179707, 0.0339903, -2.36171e-10)
bones/20/enabled = true
bones/20/position = Vector3(0.00018, 0.03399, 0)
bones/20/rotation = Quaternion(5.96046e-08, 6.77687e-05, -0.00451081, 0.99999)
bones/20/scale = Vector3(1, 1, 1)
bones/21/name = "mixamorig5_LeftHandMiddle3"
bones/21/parent = 20
bones/21/rest = Transform3D(1, -2.79522e-18, -1.39304e-17, 3.27631e-18, 0.999399, 0.034656, 1.38252e-17, -0.034656, 0.999399, -0.000123153, 0.0330115, 8.25116e-10)
bones/21/enabled = true
bones/21/position = Vector3(-0.000123, 0.033011, 0)
bones/21/rotation = Quaternion(-1.39698e-07, 4.90323e-05, 0.000897135, 1)
bones/21/scale = Vector3(1, 1, 1)
bones/22/name = "mixamorig5_LeftHandMiddle4"
bones/22/parent = 21
bones/22/rest = Transform3D(1, -3.46945e-18, 1.58852e-33, 3.46945e-18, 1, -2.75387e-17, -1.49297e-33, 2.75387e-17, 1, -5.65547e-05, 0.0295073, -1.08094e-09)
bones/22/enabled = true
bones/22/position = Vector3(-5.7e-05, 0.029507, 0)
bones/22/rotation = Quaternion(0, 0, 0, 1)
bones/22/scale = Vector3(1, 1, 1)
bones/23/name = "mixamorig5_LeftHandRing1"
bones/23/parent = 10
bones/23/rest = Transform3D(0.992245, 0.121833, -0.0246138, -0.124295, 0.972595, -0.196492, 0, 0.198028, 0.980196, 0.0126158, 0.102273, -0.00243962)
bones/23/enabled = true
bones/23/position = Vector3(0.012616, 0.102273, -0.00244)
bones/23/rotation = Quaternion(-0.00764936, -0.0110601, 0.0526068, 0.998525)
bones/23/scale = Vector3(1, 1, 1)
bones/24/name = "mixamorig5_LeftHandRing2"
bones/24/parent = 23
bones/24/rest = Transform3D(1, 1.07597e-17, 1.36143e-17, -1.0057e-17, 0.998719, -0.0505977, -1.41413e-17, 0.0505977, 0.998719, -1.2785e-05, 0.0297678, -7.21696e-10)
bones/24/enabled = true
bones/24/position = Vector3(-1.3e-05, 0.029768, 0)
bones/24/rotation = Quaternion(5.40167e-08, -3.68967e-05, -0.00102078, 1)
bones/24/scale = Vector3(1, 1, 1)
bones/25/name = "mixamorig5_LeftHandRing3"
bones/25/parent = 24
bones/25/rest = Transform3D(1, -5.0392e-19, 6.93889e-18, -5.0392e-19, 0.989507, 0.144483, -6.93889e-18, -0.144483, 0.989507, -6.70207e-05, 0.0270349, -5.32703e-11)
bones/25/enabled = true
bones/25/position = Vector3(-6.7e-05, 0.027035, 0)
bones/25/rotation = Quaternion(-1.49012e-08, -3.2803e-05, 0.00292995, 0.999996)
bones/25/scale = Vector3(1, 1, 1)
bones/26/name = "mixamorig5_LeftHandRing4"
bones/26/parent = 25
bones/26/rest = Transform3D(1, -7.28242e-34, -6.93889e-18, 8.12502e-34, 1, 1.21431e-17, 6.93889e-18, -1.21431e-17, 1, 7.98059e-05, 0.0236566, -4.79744e-10)
bones/26/enabled = true
bones/26/position = Vector3(8e-05, 0.023657, 0)
bones/26/rotation = Quaternion(0, 0, 0, 1)
bones/26/scale = Vector3(1, 1, 1)
bones/27/name = "mixamorig5_LeftHandPinky1"
bones/27/parent = 10
bones/27/rest = Transform3D(0.949713, 0.301956, -0.0828697, -0.313121, 0.915849, -0.251348, 0, 0.264657, 0.964343, 0.0335059, 0.0900517, -0.00291369)
bones/27/enabled = true
bones/27/position = Vector3(0.033506, 0.090052, -0.002914)
bones/27/rotation = Quaternion(-0.00677881, -0.0276207, 0.053105, 0.998184)
bones/27/scale = Vector3(1, 1, 1)
bones/28/name = "mixamorig5_LeftHandPinky2"
bones/28/parent = 27
bones/28/rest = Transform3D(1, -1.37758e-17, 5.47626e-18, 1.39798e-17, 0.999232, -0.0391972, -4.93208e-18, 0.0391972, 0.999232, 8.96649e-06, 0.0280028, 7.19403e-10)
bones/28/enabled = true
bones/28/position = Vector3(9e-06, 0.028003, 0)
bones/28/rotation = Quaternion(1.86265e-09, 6.00752e-07, -0.000290753, 1)
bones/28/scale = Vector3(1, 1, 1)
bones/29/name = "mixamorig5_LeftHandPinky3"
bones/29/parent = 28
bones/29/rest = Transform3D(1, -3.85049e-19, 5.20417e-18, -3.85049e-19, 0.989111, 0.147171, -5.20417e-18, -0.147171, 0.989111, -5.94164e-06, 0.0230675, -3.34957e-11)
bones/29/enabled = true
bones/29/position = Vector3(-6e-06, 0.023067, 0)
bones/29/rotation = Quaternion(1.38881e-22, 1.53804e-05, 5.22349e-05, 1)
bones/29/scale = Vector3(1, 1, 1)
bones/30/name = "mixamorig5_LeftHandPinky4"
bones/30/parent = 29
bones/30/rest = Transform3D(1, 9.0278e-34, -6.93889e-18, 9.0278e-34, 1, 2.60209e-16, 6.93889e-18, -2.60209e-16, 1, -3.0242e-06, 0.0192749, -3.42413e-10)
bones/30/enabled = true
bones/30/position = Vector3(-3e-06, 0.019275, 0)
bones/30/rotation = Quaternion(0, 0, 0, 1)
bones/30/scale = Vector3(1, 1, 1)
bones/31/name = "mixamorig5_RightShoulder"
bones/31/parent = 3
bones/31/rest = Transform3D(-0.0349087, -0.968664, 0.245908, -0.000917614, -0.246027, -0.969262, 0.99939, -0.0340613, 0.00769961, -0.0632233, 0.118873, -0.00209924)
bones/31/enabled = true
bones/31/position = Vector3(-0.063223, 0.118873, -0.002099)
bones/31/rotation = Quaternion(0.547089, -0.443837, 0.565557, 0.428774)
bones/31/scale = Vector3(1, 1, 1)
bones/32/name = "mixamorig5_RightArm"
bones/32/parent = 31
bones/32/rest = Transform3D(0.999884, 0.0150887, 0.00211986, -0.0152369, 0.99016, 0.139111, 0, -0.139127, 0.990275, 1.73786e-11, 0.128637, -9.22744e-11)
bones/32/enabled = true
bones/32/position = Vector3(0, 0.128637, 0)
bones/32/rotation = Quaternion(-0.119983, 0.000277696, -0.0170045, 0.99263)
bones/32/scale = Vector3(1, 1, 1)
bones/33/name = "mixamorig5_RightForeArm"
bones/33/parent = 32
bones/33/rest = Transform3D(0.994445, 0.104344, 0.013856, -0.10526, 0.985791, 0.130905, 0, -0.131636, 0.991298, 1.7865e-10, 0.269191, -1.18952e-09)
bones/33/enabled = true
bones/33/position = Vector3(0, 0.269191, 0)
bones/33/rotation = Quaternion(1.43953e-09, 0.00348876, 1.33878e-09, 0.999994)
bones/33/scale = Vector3(1, 1, 1)
bones/34/name = "mixamorig5_RightHand"
bones/34/parent = 33
bones/34/rest = Transform3D(0.972981, -0.0628207, -0.222176, 0.035926, 0.991745, -0.123087, 0.228074, 0.111779, 0.967206, 1.11791e-09, 0.248212, -1.48903e-10)
bones/34/enabled = true
bones/34/position = Vector3(0, 0.248212, 0)
bones/34/rotation = Quaternion(0.0103057, -0.0858733, 0.0571574, 0.994612)
bones/34/scale = Vector3(1, 1, 1)
bones/35/name = "mixamorig5_RightHandThumb1"
bones/35/parent = 34
bones/35/rest = Transform3D(0.825086, 0.526235, -0.205692, -0.565007, 0.768468, -0.300374, -7.45058e-09, 0.364052, 0.931379, 0.0268985, 0.0319624, 0.0162485)
bones/35/enabled = true
bones/35/position = Vector3(0.026899, 0.031962, 0.016249)
bones/35/rotation = Quaternion(0.202957, -0.0719638, -0.259076, 0.941546)
bones/35/scale = Vector3(1, 1, 1)
bones/36/name = "mixamorig5_RightHandThumb2"
bones/36/parent = 35
bones/36/rest = Transform3D(1, -5.78282e-18, -6.93889e-17, -5.78282e-18, 0.986205, -0.165529, 6.93889e-17, 0.165529, 0.986205, 0.00330763, 0.035706, 3.77873e-10)
bones/36/enabled = true
bones/36/position = Vector3(0.003308, 0.035706, 0)
bones/36/rotation = Quaternion(8.61958e-05, 0.00268125, -0.0602088, 0.998182)
bones/36/scale = Vector3(1, 1, 1)
bones/37/name = "mixamorig5_RightHandThumb3"
bones/37/parent = 36
bones/37/rest = Transform3D(1, 1.69583e-17, 1.00229e-16, -3.85528e-17, 0.975594, 0.21958, -9.40596e-17, -0.21958, 0.975594, -0.000880532, 0.0313337, -9.87351e-10)
bones/37/enabled = true
bones/37/position = Vector3(-0.000881, 0.031334, 0)
bones/37/rotation = Quaternion(-0.000434496, 0.00693771, -0.0344303, 0.999383)
bones/37/scale = Vector3(1, 1, 1)
bones/38/name = "mixamorig5_RightHandThumb4"
bones/38/parent = 37
bones/38/rest = Transform3D(1, 9.62965e-35, -1.38778e-17, 9.62965e-35, 1, 1.38778e-17, 1.38778e-17, -1.38778e-17, 1, -0.0024271, 0.0249464, 6.38298e-10)
bones/38/enabled = true
bones/38/position = Vector3(-0.002427, 0.024946, 0)
bones/38/rotation = Quaternion(0, 0, 0, 1)
bones/38/scale = Vector3(1, 1, 1)
bones/39/name = "mixamorig5_RightHandIndex1"
bones/39/parent = 34
bones/39/rest = Transform3D(0.985666, 0.165979, -0.0302138, -0.168707, 0.969731, -0.176524, 0, 0.179091, 0.983833, 0.034657, 0.101042, -0.00131704)
bones/39/enabled = true
bones/39/position = Vector3(0.034657, 0.101042, -0.001317)
bones/39/rotation = Quaternion(-0.0152569, -0.00129397, -0.0559748, 0.998315)
bones/39/scale = Vector3(1, 1, 1)
bones/40/name = "mixamorig5_RightHandIndex2"
bones/40/parent = 39
bones/40/rest = Transform3D(1, -2.79364e-17, -2.05756e-17, 2.75748e-17, 0.999849, -0.0173716, 2.10578e-17, 0.0173716, 0.999849, 4.42485e-06, 0.0309364, 1.68902e-09)
bones/40/enabled = true
bones/40/position = Vector3(4e-06, 0.030936, 0)
bones/40/rotation = Quaternion(2.79397e-09, 4.40323e-06, 0.000377593, 1)
bones/40/scale = Vector3(1, 1, 1)
bones/41/name = "mixamorig5_RightHandIndex3"
bones/41/parent = 40
bones/41/rest = Transform3D(1, -1.35456e-17, -1.421e-17, 1.421e-17, 0.998854, 0.0478517, 1.35456e-17, -0.0478517, 0.998854, 2.50473e-05, 0.0282653, 1.26196e-09)
bones/41/enabled = true
bones/41/position = Vector3(2.5e-05, 0.028265, 0)
bones/41/rotation = Quaternion(6.93885e-21, 3.4386e-06, -0.00102812, 1)
bones/41/scale = Vector3(1, 1, 1)
bones/42/name = "mixamorig5_RightHandIndex4"
bones/42/parent = 41
bones/42/rest = Transform3D(1, 1.38778e-17, 1.38778e-17, -1.38778e-17, 1, -9.71445e-17, -1.38778e-17, 9.71445e-17, 1, -2.94724e-05, 0.0247486, -3.21317e-10)
bones/42/enabled = true
bones/42/position = Vector3(-2.9e-05, 0.024749, 0)
bones/42/rotation = Quaternion(0, 0, 0, 1)
bones/42/scale = Vector3(1, 1, 1)
bones/43/name = "mixamorig5_RightHandMiddle1"
bones/43/parent = 34
bones/43/rest = Transform3D(0.999145, -0.0410843, 0.00455325, 0.0413359, 0.993065, -0.110058, 0, 0.110152, 0.993915, 0.0114343, 0.101465, -0.0030967)
bones/43/enabled = true
bones/43/position = Vector3(0.011434, 0.101465, -0.003097)
bones/43/rotation = Quaternion(-0.0149651, 0.00391119, -0.0563524, 0.998291)
bones/43/scale = Vector3(1, 1, 1)
bones/44/name = "mixamorig5_RightHandMiddle2"
bones/44/parent = 43
bones/44/rest = Transform3D(1, 2.74904e-19, 6.93889e-18, 2.74904e-19, 0.996866, -0.0791116, -6.93889e-18, 0.0791116, 0.996866, -1.59308e-05, 0.0340914, -2.73904e-10)
bones/44/enabled = true
bones/44/position = Vector3(-1.6e-05, 0.034091, 0)
bones/44/rotation = Quaternion(3.72529e-09, -5.63509e-06, 0.000327096, 1)
bones/44/scale = Vector3(1, 1, 1)
bones/45/name = "mixamorig5_RightHandMiddle3"
bones/45/parent = 44
bones/45/rest = Transform3D(1, 1.73472e-18, -1.79603e-20, -1.73472e-18, 0.999786, -0.0207045, -1.79603e-20, 0.0207045, 0.999786, 5.91458e-06, 0.0324569, -8.53569e-10)
bones/45/enabled = true
bones/45/position = Vector3(6e-06, 0.032457, 0)
bones/45/rotation = Quaternion(9.31323e-10, 2.71925e-06, 7.7777e-05, 1)
bones/45/scale = Vector3(1, 1, 1)
bones/46/name = "mixamorig5_RightHandMiddle4"
bones/46/parent = 45
bones/46/rest = Transform3D(1, 1.73472e-18, 6.93889e-18, -1.73472e-18, 1, 2.73219e-17, -6.93889e-18, -2.73219e-17, 1, 1.00163e-05, 0.0293759, 6.4431e-10)
bones/46/enabled = true
bones/46/position = Vector3(1e-05, 0.029376, 0)
bones/46/rotation = Quaternion(0, 0, 0, 1)
bones/46/scale = Vector3(1, 1, 1)
bones/47/name = "mixamorig5_RightHandRing1"
bones/47/parent = 34
bones/47/rest = Transform3D(0.99663, -0.0819501, 0.00346786, 0.0820235, 0.995739, -0.0421364, 0, 0.0422789, 0.999106, -0.0124701, 0.103005, 0.000201692)
bones/47/enabled = true
bones/47/position = Vector3(-0.01247, 0.103005, 0.000202)
bones/47/rotation = Quaternion(-0.0151039, 0.00142936, -0.0561498, 0.998307)
bones/47/scale = Vector3(1, 1, 1)
bones/48/name = "mixamorig5_RightHandRing2"
bones/48/parent = 47
bones/48/rest = Transform3D(1, -3.0699e-18, 3.86899e-18, 3.86899e-18, 0.973823, -0.227308, -3.0699e-18, 0.227308, 0.973823, -3.56997e-06, 0.0289295, -2.65203e-10)
bones/48/enabled = true
bones/48/position = Vector3(-4e-06, 0.02893, 0)
bones/48/rotation = Quaternion(2.62181e-22, 4.38394e-06, 0.000176333, 1)
bones/48/scale = Vector3(1, 1, 1)
bones/49/name = "mixamorig5_RightHandRing3"
bones/49/parent = 48
bones/49/rest = Transform3D(1, -7.66417e-18, 6.21361e-18, 6.21361e-18, 0.978386, 0.206789, -7.66417e-18, -0.206789, 0.978386, 5.6245e-06, 0.0279845, -8.05103e-10)
bones/49/enabled = true
bones/49/position = Vector3(6e-06, 0.027985, 0)
bones/49/rotation = Quaternion(-5.63944e-22, -6.47881e-06, -0.000152416, 1)
bones/49/scale = Vector3(1, 1, 1)
bones/50/name = "mixamorig5_RightHandRing4"
bones/50/parent = 49
bones/50/rest = Transform3D(1, -3.46945e-18, -3.46945e-18, 3.46945e-18, 1, 1.4962e-17, 3.46945e-18, -1.4962e-17, 1, -2.05455e-06, 0.0221161, 3.35376e-10)
bones/50/enabled = true
bones/50/position = Vector3(-2e-06, 0.022116, 0)
bones/50/rotation = Quaternion(0, 0, 0, 1)
bones/50/scale = Vector3(1, 1, 1)
bones/51/name = "mixamorig5_RightHandPinky1"
bones/51/parent = 34
bones/51/rest = Transform3D(0.951698, -0.304024, 0.0428897, 0.307034, 0.942367, -0.132943, 0, 0.13969, 0.990195, -0.0336211, 0.0936502, -0.0016872)
bones/51/enabled = true
bones/51/position = Vector3(-0.033621, 0.09365, -0.001687)
bones/51/rotation = Quaternion(-0.014451, 0.0128001, -0.0551578, 0.998291)
bones/51/scale = Vector3(1, 1, 1)
bones/52/name = "mixamorig5_RightHandPinky2"
bones/52/parent = 51
bones/52/rest = Transform3D(1, -6.14788e-19, -6.93889e-18, -6.14788e-19, 0.984422, -0.17582, 6.93889e-18, 0.17582, 0.984422, 6.10309e-05, 0.027904, -6.99e-10)
bones/52/enabled = true
bones/52/position = Vector3(6.1e-05, 0.027904, 0)
bones/52/rotation = Quaternion(6.70552e-08, -7.78166e-05, -0.00306434, 0.999995)
bones/52/scale = Vector3(1, 1, 1)
bones/53/name = "mixamorig5_RightHandPinky3"
bones/53/parent = 52
bones/53/rest = Transform3D(1, -8.46961e-17, 1.61954e-17, 8.18374e-17, 0.991348, 0.131262, -2.71727e-17, -0.131262, 0.991348, -8.75068e-05, 0.0223198, -5.98675e-10)
bones/53/enabled = true
bones/53/position = Vector3(-8.8e-05, 0.02232, 0)
bones/53/rotation = Quaternion(-1.11759e-07, 8.33664e-05, 0.00267791, 0.999996)
bones/53/scale = Vector3(1, 1, 1)
bones/54/name = "mixamorig5_RightHandPinky4"
bones/54/parent = 53
bones/54/rest = Transform3D(1, -2.8099e-34, -2.60209e-18, -2.8099e-34, 1, -2.15973e-16, 2.60209e-18, 2.15973e-16, 1, 2.64748e-05, 0.0183984, -2.93768e-10)
bones/54/enabled = true
bones/54/position = Vector3(2.6e-05, 0.018398, 0)
bones/54/rotation = Quaternion(0, 0, 0, 1)
bones/54/scale = Vector3(1, 1, 1)
bones/55/name = "mixamorig5_LeftUpLeg"
bones/55/parent = 0
bones/55/rest = Transform3D(-0.997254, 0.0740575, -1.16415e-10, -0.0740165, -0.996702, -0.0332784, -0.00246452, -0.033187, 0.999446, 0.0937394, -0.0491061, -0.0052553)
bones/55/enabled = true
bones/55/position = Vector3(0.093739, -0.049106, -0.005255)
bones/55/rotation = Quaternion(-0.00134436, -0.0165868, 0.999839, 0.00674902)
bones/55/scale = Vector3(1, 1, 1)
bones/56/name = "mixamorig5_LeftLeg"
bones/56/parent = 55
bones/56/rest = Transform3D(0.999657, -0.026198, 0.000102424, 0.0261982, 0.999649, -0.00390822, 3.63798e-12, 0.00390956, 0.999992, 1.13922e-09, 0.432869, 3.30389e-10)
bones/56/enabled = true
bones/56/position = Vector3(0, 0.432869, 0)
bones/56/rotation = Quaternion(0.0019546, 2.56076e-05, 0.0131, 0.999912)
bones/56/scale = Vector3(1, 1, 1)
bones/57/name = "mixamorig5_LeftFoot"
bones/57/parent = 56
bones/57/rest = Transform3D(0.999751, -0.0176925, -0.0135815, 0, 0.60892, -0.793232, 0.0223043, 0.793035, 0.608768, 2.09574e-09, 0.457133, 6.3014e-10)
bones/57/enabled = true
bones/57/position = Vector3(0, 0.457133, 0)
bones/57/rotation = Quaternion(0.442048, 0.00821769, 0.0447584, 0.895836)
bones/57/scale = Vector3(1, 1, 1)
bones/58/name = "mixamorig5_LeftToeBase"
bones/58/parent = 57
bones/58/rest = Transform3D(0.987586, -0.0943628, -0.125574, 3.72529e-09, 0.799442, -0.600744, 0.157077, 0.593286, 0.789518, -4.22363e-11, 0.181687, -3.22973e-09)
bones/58/enabled = true
bones/58/position = Vector3(0, 0.181687, 0)
bones/58/rotation = Quaternion(0.315685, -0.0747291, 0.0249483, 0.945588)
bones/58/scale = Vector3(1, 1, 1)
bones/59/name = "mixamorig5_LeftToe_End"
bones/59/parent = 58
bones/59/rest = Transform3D(1, 2.08167e-17, -3.03577e-18, -2.08167e-17, 1, -3.46945e-18, 3.03577e-18, 3.46945e-18, 1, -1.07497e-10, 0.0689915, 4.38546e-11)
bones/59/enabled = true
bones/59/position = Vector3(0, 0.068991, 0)
bones/59/rotation = Quaternion(0, 0, 0, 1)
bones/59/scale = Vector3(1, 1, 1)
bones/60/name = "mixamorig5_RightUpLeg"
bones/60/parent = 0
bones/60/rest = Transform3D(-0.997255, -0.074044, -1.16415e-10, 0.0739894, -0.99652, -0.0383921, 0.0028427, -0.0382867, 0.999263, -0.0937394, -0.0491061, -0.00541342)
bones/60/enabled = true
bones/60/position = Vector3(-0.093739, -0.049106, -0.005413)
bones/60/rotation = Quaternion(0.00155117, -0.0191367, 0.999793, -0.00675544)
bones/60/scale = Vector3(1, 1, 1)
bones/61/name = "mixamorig5_RightLeg"
bones/61/parent = 60
bones/61/rest = Transform3D(0.999656, 0.0262114, -0.000217564, -0.0262123, 0.999622, -0.0082972, -7.27596e-12, 0.00830005, 0.999966, 2.22825e-10, 0.432948, 1.79706e-10)
bones/61/enabled = true
bones/61/position = Vector3(0, 0.432948, 0)
bones/61/rotation = Quaternion(0.00415003, -5.43993e-05, -0.0131069, 0.999906)
bones/61/scale = Vector3(1, 1, 1)
bones/62/name = "mixamorig5_RightFoot"
bones/62/parent = 61
bones/62/rest = Transform3D(0.999746, 0.0179816, 0.0135739, 0, 0.602488, -0.798128, -0.0225298, 0.797926, 0.602335, -1.4078e-09, 0.457143, 1.86844e-10)
bones/62/enabled = true
bones/62/position = Vector3(0, 0.457143, 0)
bones/62/rotation = Quaternion(0.445649, -0.00827023, -0.0447883, 0.894049)
bones/62/scale = Vector3(1, 1, 1)
bones/63/name = "mixamorig5_RightToeBase"
bones/63/parent = 62
bones/63/rest = Transform3D(0.987097, 0.0952427, 0.128718, 0, 0.803868, -0.594808, -0.160123, 0.587133, 0.793495, -8.58819e-10, 0.18335, -2.16527e-09)
bones/63/enabled = true
bones/63/position = Vector3(0, 0.18335, 0)
bones/63/rotation = Quaternion(0.312143, 0.0762816, -0.0251531, 0.946634)
bones/63/scale = Vector3(1, 1, 1)
bones/64/name = "mixamorig5_RightToe_End"
bones/64/parent = 63
bones/64/rest = Transform3D(1, -1.38778e-17, -1.95156e-18, 1.38778e-17, 1, -2.23779e-16, 1.95156e-18, 2.23779e-16, 1, 9.0509e-12, 0.0686321, 8.69185e-11)
bones/64/enabled = true
bones/64/position = Vector3(0, 0.068632, 0)
bones/64/rotation = Quaternion(0, 0, 0, 1)
bones/64/scale = Vector3(1, 1, 1)

[node name="mesh" type="MeshInstance3D" parent="Skeleton3D" index="0"]
gi_mode = 0
mesh = ExtResource("3_eseir")

[node name="BoneSimulator" type="PhysicalBoneSimulator3D" parent="Skeleton3D" index="1"]
unique_name_in_owner = true
visible = false
active = false

[node name="hips" type="PhysicalBone3D" parent="Skeleton3D/BoneSimulator" index="0"]
transform = Transform3D(1, -1.67638e-08, -2.98023e-08, 1.67638e-08, 1, -1.41561e-07, 2.98023e-08, 1.41561e-07, 1, 0, 1.05498, 0)
visible = false
collision_layer = 4
collision_mask = 116
body_offset = Transform3D(1, -1.67638e-08, -2.98023e-08, 1.67638e-08, 1, -1.41561e-07, 2.98023e-08, 1.41561e-07, 1, 0, 0, 0)
mass = 8.74
bone_name = "mixamorig5_Hips"
metadata/_edit_lock_ = true

[node name="capsule" type="CollisionShape3D" parent="Skeleton3D/BoneSimulator/hips" index="0"]
transform = Transform3D(-4.37114e-08, 1, 0, -1, -4.37114e-08, 0, 0, 0, 1, 0, 0, 0)
shape = SubResource("CapsuleShape3D_8v15u")
metadata/_edit_lock_ = true

[node name="spine" type="PhysicalBone3D" parent="Skeleton3D/BoneSimulator" index="1"]
transform = Transform3D(1, -4.6799e-08, -2.98023e-08, 5.07899e-08, 0.988348, 0.152213, 2.23316e-08, -0.152213, 0.988348, 0, 1.14334, -0.013608)
visible = false
collision_layer = 4
collision_mask = 116
joint_type = 5
body_offset = Transform3D(1, -4.6799e-08, -2.98023e-08, 4.6799e-08, 1, 0, 2.98023e-08, 0, 1, 0, 0, 0)
mass = 8.36
bone_name = "mixamorig5_Spine"
joint_constraints/x/linear_limit_enabled = true
joint_constraints/x/linear_limit_upper = 0.0
joint_constraints/x/linear_limit_lower = 0.0
joint_constraints/x/linear_limit_softness = 0.7
joint_constraints/x/linear_spring_enabled = false
joint_constraints/x/linear_spring_stiffness = 0.0
joint_constraints/x/linear_spring_damping = 0.0
joint_constraints/x/linear_equilibrium_point = 0.0
joint_constraints/x/linear_restitution = 0.5
joint_constraints/x/linear_damping = 1.0
joint_constraints/x/angular_limit_enabled = true
joint_constraints/x/angular_limit_upper = 2.0
joint_constraints/x/angular_limit_lower = -27.0
joint_constraints/x/angular_limit_softness = 0.5
joint_constraints/x/angular_restitution = 0.0
joint_constraints/x/angular_damping = 1.0
joint_constraints/x/erp = 0.5
joint_constraints/x/angular_spring_enabled = false
joint_constraints/x/angular_spring_stiffness = 0.0
joint_constraints/x/angular_spring_damping = 0.0
joint_constraints/x/angular_equilibrium_point = 0.0
joint_constraints/y/linear_limit_enabled = true
joint_constraints/y/linear_limit_upper = 0.0
joint_constraints/y/linear_limit_lower = 0.0
joint_constraints/y/linear_limit_softness = 0.7
joint_constraints/y/linear_spring_enabled = false
joint_constraints/y/linear_spring_stiffness = 0.0
joint_constraints/y/linear_spring_damping = 0.0
joint_constraints/y/linear_equilibrium_point = 0.0
joint_constraints/y/linear_restitution = 0.5
joint_constraints/y/linear_damping = 1.0
joint_constraints/y/angular_limit_enabled = true
joint_constraints/y/angular_limit_upper = 5.0
joint_constraints/y/angular_limit_lower = -5.0
joint_constraints/y/angular_limit_softness = 0.5
joint_constraints/y/angular_restitution = 0.0
joint_constraints/y/angular_damping = 1.0
joint_constraints/y/erp = 0.5
joint_constraints/y/angular_spring_enabled = false
joint_constraints/y/angular_spring_stiffness = 0.0
joint_constraints/y/angular_spring_damping = 0.0
joint_constraints/y/angular_equilibrium_point = 0.0
joint_constraints/z/linear_limit_enabled = true
joint_constraints/z/linear_limit_upper = 0.0
joint_constraints/z/linear_limit_lower = 0.0
joint_constraints/z/linear_limit_softness = 0.7
joint_constraints/z/linear_spring_enabled = false
joint_constraints/z/linear_spring_stiffness = 0.0
joint_constraints/z/linear_spring_damping = 0.0
joint_constraints/z/linear_equilibrium_point = 0.0
joint_constraints/z/linear_restitution = 0.5
joint_constraints/z/linear_damping = 1.0
joint_constraints/z/angular_limit_enabled = true
joint_constraints/z/angular_limit_upper = 3.0
joint_constraints/z/angular_limit_lower = -3.0
joint_constraints/z/angular_limit_softness = 0.5
joint_constraints/z/angular_restitution = 0.0
joint_constraints/z/angular_damping = 1.0
joint_constraints/z/erp = 0.5
joint_constraints/z/angular_spring_enabled = false
joint_constraints/z/angular_spring_stiffness = 0.0
joint_constraints/z/angular_spring_damping = 0.0
joint_constraints/z/angular_equilibrium_point = 0.0
metadata/_edit_lock_ = true

[node name="capsule" type="CollisionShape3D" parent="Skeleton3D/BoneSimulator/spine" index="0"]
transform = Transform3D(-4.37114e-08, 1, 0, -1, -4.37114e-08, 0, 0, 0, 1, -0.000732181, 0.0602862, -0.0176823)
shape = SubResource("CapsuleShape3D_ku0mw")
metadata/_edit_lock_ = true

[node name="capsule2" type="CollisionShape3D" parent="Skeleton3D/BoneSimulator/spine" index="1"]
transform = Transform3D(-4.37114e-08, 1, 0, -1, -4.37114e-08, 0, 0, 0, 1, 2.15835e-09, 0.0493773, 0.0843368)
shape = SubResource("CapsuleShape3D_jg8lc")
metadata/_edit_lock_ = true

[node name="spine1" type="PhysicalBone3D" parent="Skeleton3D/BoneSimulator" index="2"]
transform = Transform3D(1, 6.89179e-08, 2.98023e-08, -7.26511e-08, 0.988348, 0.152213, -1.89649e-08, -0.152213, 0.988348, 0, 1.24642, -0.0294843)
visible = false
collision_layer = 4
collision_mask = 116
joint_type = 5
body_offset = Transform3D(1, 6.89179e-08, 2.98023e-08, -6.89179e-08, 1, -2.98023e-08, -2.98023e-08, 2.98023e-08, 1, 0, 0, 0)
mass = 6.43
bone_name = "mixamorig5_Spine1"
joint_constraints/x/linear_limit_enabled = true
joint_constraints/x/linear_limit_upper = 0.0
joint_constraints/x/linear_limit_lower = 0.0
joint_constraints/x/linear_limit_softness = 0.7
joint_constraints/x/linear_spring_enabled = false
joint_constraints/x/linear_spring_stiffness = 0.0
joint_constraints/x/linear_spring_damping = 0.0
joint_constraints/x/linear_equilibrium_point = 0.0
joint_constraints/x/linear_restitution = 0.5
joint_constraints/x/linear_damping = 1.0
joint_constraints/x/angular_limit_enabled = true
joint_constraints/x/angular_limit_upper = 5.0
joint_constraints/x/angular_limit_lower = -40.0
joint_constraints/x/angular_limit_softness = 0.5
joint_constraints/x/angular_restitution = 0.0
joint_constraints/x/angular_damping = 1.0
joint_constraints/x/erp = 0.5
joint_constraints/x/angular_spring_enabled = false
joint_constraints/x/angular_spring_stiffness = 0.0
joint_constraints/x/angular_spring_damping = 0.0
joint_constraints/x/angular_equilibrium_point = 0.0
joint_constraints/y/linear_limit_enabled = true
joint_constraints/y/linear_limit_upper = 0.0
joint_constraints/y/linear_limit_lower = 0.0
joint_constraints/y/linear_limit_softness = 0.7
joint_constraints/y/linear_spring_enabled = false
joint_constraints/y/linear_spring_stiffness = 0.0
joint_constraints/y/linear_spring_damping = 0.0
joint_constraints/y/linear_equilibrium_point = 0.0
joint_constraints/y/linear_restitution = 0.5
joint_constraints/y/linear_damping = 1.0
joint_constraints/y/angular_limit_enabled = true
joint_constraints/y/angular_limit_upper = 8.0
joint_constraints/y/angular_limit_lower = -8.0
joint_constraints/y/angular_limit_softness = 0.5
joint_constraints/y/angular_restitution = 0.0
joint_constraints/y/angular_damping = 1.0
joint_constraints/y/erp = 0.5
joint_constraints/y/angular_spring_enabled = false
joint_constraints/y/angular_spring_stiffness = 0.0
joint_constraints/y/angular_spring_damping = 0.0
joint_constraints/y/angular_equilibrium_point = 0.0
joint_constraints/z/linear_limit_enabled = true
joint_constraints/z/linear_limit_upper = 0.0
joint_constraints/z/linear_limit_lower = 0.0
joint_constraints/z/linear_limit_softness = 0.7
joint_constraints/z/linear_spring_enabled = false
joint_constraints/z/linear_spring_stiffness = 0.0
joint_constraints/z/linear_spring_damping = 0.0
joint_constraints/z/linear_equilibrium_point = 0.0
joint_constraints/z/linear_restitution = 0.5
joint_constraints/z/linear_damping = 1.0
joint_constraints/z/angular_limit_enabled = true
joint_constraints/z/angular_limit_upper = 5.0
joint_constraints/z/angular_limit_lower = -5.0
